Date,Open,High,Low,Close,Volume,Dividends,Stock Splits,SMA_21,SMA_50,SMA_20,EMA_21,EMA_50,Sinal,Posicao,STD_20,Upper_Band_20,Lower_Band_20,Retorno_Diario,Retorno_Acumulado,Capital_Acumulado,CDI,Retorno_Diario_CDI,Retorno_Acumulado_CDI,Retorno_Acumulado_CDI.Pct,Capital_Acumulado_CDI,Itau_Norm,CDI_Norm
2025-10-24 00:00:00-03:00,34.497462612090104,34.62330289925033,34.137928520437306,34.18286895751953,10169911,0.0,0.0,34.01839374360584,34.03539939880371,33.98219242095947,34.016731218875094,33.99478654058148,0.0,0.0,0.5003795210541295,34.98295146306773,32.981433378851214,-0.001312995152472296,1.0178637777474109,4071.4551109896433,0.055131,0.00055131,1.0341922044086564,3.4192204408656446,4136.7688176346255,100.0,100.0
2025-10-27 00:00:00-03:00,34.44353287005148,34.704194459244285,34.32668067443829,34.470497131347656,11194349,0.0,0.0,34.00544502621605,34.05315032958984,33.958713150024415,34.057982665463506,34.01344185786643,0.0,0.0,0.46266255204462614,34.88403825411367,33.03338804593516,0.008414395356503679,1.026428485992442,4105.713943969768,0.055131,0.00055131,1.034762364912869,3.4762364912868993,4139.049459651476,100.84143953565037,100.055131
2025-10-28 00:00:00-03:00,34.37162397378313,34.587345123291016,34.326680007497856,34.587345123291016,10478499,0.0,0.0,33.988648005894255,34.09275405883789,33.932990646362306,34.10610652526601,34.035947868275244,0.0,0.0,0.4066800600170458,34.7463507663964,33.119630526328216,0.003389797121234439,1.0299078703194122,4119.631481277649,0.055131,0.00055131,1.0353328397522692,3.5332839752269196,4141.331359009077,101.18327155708944,100.11029239427162
2025-10-29 00:00:00-03:00,34.650271657507005,35.51315641476835,34.650271657507005,35.360355377197266,27235466,0.0,0.0,34.00096039544968,34.14745864868164,33.97748355865478,34.22012914816885,34.087885417644735,0.0,0.0,0.5053008078383027,34.98808517433139,32.966881942978176,0.022349511104444497,1.0529258077036707,4211.703230814683,0.055131,0.00055131,1.035903629100153,3.59036291001531,4143.614516400612,103.44466820833864,100.16548419957152
2025-10-30 00:00:00-03:00,35.29742681173868,35.66594895078188,35.07271758740375,35.31540298461914,18657008,0.0,0.0,34.04119400751023,34.20054573059082,34.038604736328125,34.31969949693706,34.13602336144765,0.0,0.0,0.5872873567354101,35.21317944979894,32.86403002285731,-0.0012712652941014868,1.0515872596670732,4206.349038668293,0.055131,0.00055131,1.0364747331299125,3.647473312991245,4145.89893251965,103.31316259178553,100.22070643266561
2025-10-31 00:00:00-03:00,35.45023727416992,35.62101447676409,35.342373155515965,35.45023727416992,16449821,0.0,0.0,34.10582533336821,34.23800987243652,34.09388370513916,34.422475658503686,34.18756116194656,0.0,0.0,0.6645594086366805,35.423002522412524,32.7647648878658,0.003818002292356848,1.0556022222350954,4222.408888940381,0.055131,0.00055131,1.0370461520150345,3.7046152015034473,4148.184608060138,103.70761248339161,100.27595911032901
2025-11-03 00:00:00-03:00,35.87975681222559,36.08658243644078,35.56502232030012,36.04161834716797,17968144,0.017136,0.0,34.1866329738072,34.29071411132813,34.198506355285645,34.569670448382254,34.26026928685721,0.0,0.0,0.7928945571978933,35.78429546968143,32.61271724088986,0.016682006058925447,1.0732117849022365,4292.847139608946,0.055131,0.00055131,1.0376178859291019,3.761788592910187,4150.471543716408,105.43766350319623,100.33124224934613
2025-11-04 00:00:00-03:00,36.01463689882104,36.122545751206296,35.798819194050516,35.9337043762207,20386481,0.0,0.0,34.28113483247303,34.34575035095215,34.32469806671143,34.693673532731204,34.325894192322444,0.0,0.0,0.8588680414894089,36.042434149690244,32.60696198373261,-0.0029941488727779353,1.0699984290462194,4279.9937161848775,0.055131,0.00055131,1.0381899350457935,3.818993504579349,4152.759740183174,105.12196744186981,100.38655586651059
2025-11-05 00:00:00-03:00,35.9337092279249,36.11355851726511,35.340208693049824,36.08658218383789,36312135,0.0,0.0,34.40859731038412,34.39270866394043,34.455387878417966,34.82030159192272,34.394940780225014,1.0,1.0,0.9191619979361871,36.29371187429034,32.617063882545594,0.004254440511241908,1.0745506737097188,4298.202694838875,0.055131,0.00055131,1.0387622995388837,3.876229953888366,4155.049198155534,105.56920259877596,100.44189997862539
2025-11-06 00:00:00-03:00,36.05061020602223,36.68007918546694,35.97867331688297,36.08658218383789,23226500,0.0,0.0,34.53306379772368,34.42565780639649,34.58877429962158,34.935418009369556,34.46127965879807,1.0,0.0,0.9537424877602888,36.49625927514216,32.68128932410101,0.0,1.0745506737097188,4298.202694838875,0.055131,0.00055131,1.0393349795822426,3.9334979582242635,4157.33991832897,105.56920259877596,100.49727460250261
2025-11-07 00:00:00-03:00,36.08658251945132,36.149527298033576,35.76285238232977,36.12255096435547,12706904,0.0,0.0,34.661811283656526,34.45681182861328,34.7257568359375,35.04333918709555,34.52642755313366,1.0,0.0,0.9680670982071622,36.661891032351825,32.78962263952318,0.000996735582614594,1.0756217166015278,4302.486866406111,0.055131,0.00055131,1.0399079753498361,3.9907975349836144,4159.631901399344,105.6744271794344,100.55267975496372
2025-11-10 00:00:00-03:00,36.28440866080565,36.437281601966546,36.16750769398916,36.36534118652344,16552409,0.0,0.0,34.8038322812035,34.48729347229004,34.86813735961914,35.163521187043536,34.59854181326659,1.0,0.0,0.990199067817832,36.84853549525481,32.88773922398347,0.006721292258886846,1.0828512845188123,4331.405138075249,0.055131,0.00055131,1.0404812870157263,4.048128701572629,4161.9251480629055,106.38469588879784,100.60811545283946
2025-11-11 00:00:00-03:00,36.509224841072864,37.20163858524919,36.36534399905875,37.06675338745117,37289193,0.0,0.0,34.97283336094448,34.54366287231446,35.03839797973633,35.3365422961715,34.69533442401893,1.0,0.0,1.0619657476843254,37.16232947510498,32.91446648436768,0.019287931256579904,1.1037372456557104,4414.948982622842,0.055131,0.00055131,1.041054914754071,4.105491475407108,4164.219659016284,108.43663658985314,100.66358171296974
2025-11-12 00:00:00-03:00,37.06675274700877,37.18365372084669,36.08658086898566,36.221466064453125,36789128,0.0,0.0,35.09473455519903,34.58905632019043,35.16639423370361,35.416989911469834,34.7551827236438,1.0,0.0,1.04135306274965,37.24910035920291,33.08368810820431,-0.02280446075658238,1.0785671129515764,4314.268451806305,0.055131,0.00055131,1.0416288587391243,4.162885873912425,4166.515434956497,105.96379756616405,100.71907855220397
2025-11-13 00:00:00-03:00,36.38332540707279,36.9138775795072,36.13153925289045,36.36534118652344,33686974,0.0,0.0,35.22348694574265,34.63463172912598,35.30562896728516,35.503203663747435,34.81832619277633,1.0,0.0,1.003652790977835,37.31293454924083,33.29832338532949,0.003972095492057015,1.0828512845188123,4331.405138075249,0.055131,0.00055131,1.042203119145236,4.220311914523589,4168.812476580943,106.38469588879784,100.77460598740058
2025-11-14 00:00:00-03:00,36.34736267582241,36.581164646183616,36.1585212638975,36.50922775268555,17006742,0.0,0.0,35.362943195161364,34.67553810119629,35.44621562957764,35.59466039910544,34.884636057870814,1.0,0.0,0.9626258215219777,37.371467272621594,33.52096398653368,0.0039566950691893865,1.0871357968569333,4348.543187427733,0.055131,0.00055131,1.042777696146852,4.277769614685201,4171.110784587408,106.80562769045827,100.8301640354275
2025-11-17 00:00:00-03:00,36.50922245860072,36.59914709567986,36.1405317999008,36.23944854736328,43985120,0.0,0.0,35.48398862566267,34.71428321838379,35.543202018737794,35.65327750349252,34.93776595941954,1.0,0.0,0.9384466943541346,37.42009540744606,33.666308630029526,-0.0073893429669276145,1.0791025776023333,4316.410310409333,0.055131,0.00055131,1.0433525899185148,4.335258991851476,4173.410359674059,106.0164042766555,100.88575271316186
2025-11-18 00:00:00-03:00,35.92471183483066,36.284406827379684,35.8797512857291,36.05959701538086,17147337,0.0,0.0,35.56779225667318,34.75536087036133,35.64737529754639,35.69021564093691,34.98175933416312,1.0,0.0,0.868358218458328,37.38409173446305,33.91065886062973,-0.004962866135983401,1.0737471359626982,4294.988543850793,0.055131,0.00055131,1.043927800634863,4.39278006348629,4175.711202539452,105.49025905401217,100.94137203749021
2025-11-19 00:00:00-03:00,36.01464238326572,36.149527585976735,35.73587633329995,35.83479309082031,25766686,0.0,0.0,35.656299954368954,34.79140357971191,35.726376152038576,35.703359045471764,35.015211638345754,1.0,0.0,0.80452155916084,37.335419270360255,34.117333033716896,-0.006234232858028266,1.0670531462864659,4268.212585145863,0.055131,0.00055131,1.044503328470631,4.45033284706311,4178.013313882524,104.83260821481572,100.9970220253082
2025-11-21 00:00:00-03:00,35.83478676789789,35.99665180918746,35.5650164100759,35.94269561767578,16502454,0.0,0.0,35.73667707897368,34.82834632873535,35.81212043762207,35.725116915672125,35.0515835591038,1.0,0.0,0.7237292133619846,37.25957886434604,34.3646620108981,0.00301111064272086,1.0702661613715978,4281.064645486391,0.055131,0.00055131,1.0450791736006504,4.507917360065039,4180.316694402602,105.14827079711553,101.05270269352098
2025-11-24 00:00:00-03:00,35.89774019495396,36.12255003632134,35.717890908561664,35.80781555175781,29014997,0.0,0.0,35.8119154430571,34.87283363342285,35.893367767333984,35.732634973498094,35.081239715678464,1.0,0.0,0.6141074432873301,37.121582653908646,34.66515288075932,-0.0037526419095744723,1.0662498357200354,4264.999342880142,0.055131,0.00055131,1.0456553361998482,4.565533619984818,4182.621344799392,104.753686989403,101.10841405904294
2025-11-25 00:00:00-03:00,35.96967716809211,36.167510676942925,35.72688310415975,35.88874816894531,30345963,0.0,0.0,35.893147786458336,34.90779922485351,35.96428031921387,35.74682708217511,35.112906713845796,1.0,0.0,0.515053384038046,36.994387087289965,34.934173551137775,0.0022601942045450407,1.068659767419327,4274.639069677308,0.055131,0.00055131,1.0462318164432487,4.62318164432487,4184.927265772994,104.99045066564116,101.16415613879785
2025-11-26 00:00:00-03:00,36.05959867692771,36.787984338653985,35.942697710631606,36.734031677246094,22251296,0.0,0.0,36.00093514578683,34.96146728515625,36.07161464691162,35.83657295445428,35.176480241822276,1.0,0.0,0.4295942541727402,36.9308031552571,35.21242613856614,0.023552883603563668,1.0938297865331659,4375.319146132663,0.055131,0.00055131,1.046808614505972,4.680861450597207,4187.234458023889,107.46327852965472,101.21992894971876
2025-11-27 00:00:00-03:00,36.56318229204837,36.76101582577449,36.491245394872635,36.6081428527832,9469408,0.0,0.0,36.09716360909598,35.00291442871094,36.13400402069092,35.90671567248418,35.23262387362466,1.0,0.0,0.4110703185380205,36.956144657766956,35.31186338361488,-0.0034270353324944436,1.0900811932069818,4360.3247728279275,0.055131,0.00055131,1.0473857305632355,4.738573056323547,4189.542922252942,107.0949980771879,101.27573250874804
2025-11-28 00:00:00-03:00,37.11172020422969,37.68723301486351,37.04877188956442,37.44443893432617,45311657,0.0,0.0,36.196405683244976,35.06018913269043,36.24045581817627,36.046508696288,35.31936171914237,1.0,0.0,0.46061112904117074,37.16167807625861,35.319233560093934,0.022844537208731586,1.1149835935857373,4459.934374342949,0.055131,0.00055131,1.0479631647903525,4.796316479035245,4191.85265916141,109.54153374563127,101.33156683283744
2025-12-01 00:00:00-03:00,37.52328917102795,37.55927640514819,37.01949970604539,37.15444564819336,15912985,0.017136,0.0,36.28397914341518,35.102499923706056,36.32566623687744,36.1472302373703,35.39132579479143,1.0,0.0,0.46435044528626374,37.25436712744997,35.39696534630491,-0.007744628959227562,1.1063484593577895,4425.393837431158,0.055131,0.00055131,1.0485409173627331,4.854091736273314,4194.1636694509325,108.69317521114664,101.38743193894805
2025-12-02 00:00:00-03:00,37.298378873303704,37.982093811035156,37.28038702607941,37.982093811035156,21175667,0.0,0.0,36.40454374040876,35.17142608642578,36.4226900100708,36.31403601679438,35.492924540526474,1.0,0.0,0.5881103655017474,37.5989107410743,35.246469279067306,0.022275885116914473,1.130993350537719,4523.973402150876,0.055131,0.00055131,1.0491189884558845,4.911898845588447,4196.475953823538,111.1144118951428,101.44332784405033
2025-12-03 00:00:00-03:00,38.05406473467637,38.19800304721476,37.71220549843862,37.982093811035156,23159653,0.0,0.0,36.496947333926244,35.22939140319824,36.525109481811526,36.46567763445263,35.59053902172289,1.0,0.0,0.6709945696979465,37.86709862120742,35.183120342415634,0.0,1.130993350537719,4523.973402150876,0.055131,0.00055131,1.0496973782454102,4.969737824541021,4198.789512981641,111.1144118951428,101.49925456512405
2025-12-04 00:00:00-03:00,38.10803658194172,38.91769790649414,38.09904065920169,38.91769790649414,23199514,0.0,0.0,36.63904226393927,35.3107406616211,36.66666526794434,36.68858856827459,35.72101584073353,1.0,0.0,0.8487096368457446,38.364084541635826,34.96924599425285,0.024632767748763662,1.1588528470669106,4635.411388267642,0.055131,0.00055131,1.0502760869070107,5.027608690701069,4201.104347628043,113.85146739689631,101.55521211915834
2025-12-05 00:00:00-03:00,38.96268998602738,39.04365685133613,37.01950289234154,37.11846160888672,39832160,0.0,0.0,36.68817937941778,35.36167556762695,36.718259239196776,36.727667935602966,35.775817635563065,1.0,0.0,0.8429346511991465,38.40412854159507,35.03238993679848,-0.04623182753333377,1.1052769621048004,4421.107848419202,0.055131,0.00055131,1.0508551146164835,5.085511461648351,4203.420458465934,108.58790599178603,101.61120052315175
2025-12-08 00:00:00-03:00,37.73919623604477,37.856146786940485,37.08247255226717,37.29838180541992,40458400,0.0,0.0,36.745884123302645,35.412794799804686,36.77705078125,36.77955101467723,35.83552603438098,1.0,0.0,0.8401999333629557,38.45745064797591,35.09665091452408,0.004847188938728264,1.110634448369746,4442.537793478984,0.055131,0.00055131,1.0514344615497229,5.1434461549722865,4205.737846198891,109.11425208858907,101.6672197941122
2025-12-09 00:00:00-03:00,37.217411041259766,37.33436511461111,36.64165427159697,37.217411041259766,24725047,0.0,0.0,36.798020317440944,35.458341369628904,36.819654273986814,36.81935647163928,35.889717603278186,1.0,0.0,0.8398274838127404,38.499309241612295,35.13999930636133,-0.0021708921470794396,1.1082233807675042,4432.893523070016,0.055131,0.00055131,1.05201412788272,5.201412788271997,4208.05651153088,108.87737681559551,101.72326994905691
2025-12-10 00:00:00-03:00,37.28206545580407,37.70053822156295,36.98723542829945,37.51032638549805,25643189,2.172789,0.0,36.85254342215402,35.5065119934082,36.84183292388916,36.88217191835371,35.953270888855435,1.0,0.0,0.8524585494566255,38.54675002280241,35.13691582497591,0.007870384748513315,1.1169455251614426,4467.782100645771,0.055131,0.00055131,1.052594113791563,5.259411379156309,4210.3764551662525,109.73428366154312,101.77935100501254
2025-12-11 00:00:00-03:00,37.472270603546924,37.81465629748548,37.301075888129255,37.481781005859375,21275268,0.0,0.0,36.872306642078215,35.56673767089844,36.904848670959474,36.93668183539968,36.01321246207128,1.0,0.0,0.8507669856029382,38.60638264216535,35.2033146997536,-0.0007610005667587627,1.1160955289837562,4464.382115935025,0.055131,0.00055131,1.0531744194524375,5.3174419452437505,4212.69767780975,109.65077580948382,101.83546297901509
2025-12-12 00:00:00-03:00,37.75760431840225,38.099990106963446,37.424728934781825,37.814666748046875,17595593,0.0,0.0,36.948173341296965,35.64117141723633,36.977314949035645,37.01649864564033,36.08385772818797,1.0,0.0,0.8640162702693921,38.70534748957443,35.24928240849686,0.008881267998856801,1.1260078724889868,4504.031489955947,0.055131,0.00055131,1.053755045041626,5.375504504162598,4215.020180166504,110.6246137357304,101.89160588811008
2025-12-15 00:00:00-03:00,38.21410498135969,38.59453598997791,37.94780626484412,38.38529968261719,17767809,0.0,0.0,37.044361841110955,35.72198425292969,37.07111854553223,37.140935103547314,36.174110353851866,1.0,0.0,0.9110806562831131,38.89327985809845,35.248957232966006,0.015090254222583699,1.1429996175414763,4571.998470165905,0.055131,0.00055131,1.0543359907355079,5.433599073550788,4217.343962942032,112.2939672802777,101.94777974935225
2025-12-16 00:00:00-03:00,38.195094482169914,38.242646502627025,37.39619064331055,37.39619064331055,20379168,0.0,0.0,37.086598169235955,35.79092475891113,37.12895565032959,37.164140152616696,36.22203507108554,1.0,0.0,0.8920227030355106,38.91300105640061,35.344910244258564,-0.025767912390548764,1.1135469035342367,4454.187614136947,0.055131,0.00055131,1.0549172567105602,5.491725671056025,4219.669026842241,109.40038616941237,102.00398457980586
2025-12-17 00:00:00-03:00,37.186959075720424,37.415216254211735,36.8540837123458,37.063316345214844,31625017,0.0,0.0,37.12582996913365,35.86399368286133,37.17914161682129,37.1549743519438,36.25502649360042,1.0,0.0,0.8562093188328206,38.89156025448693,35.46672297915565,-0.008901288937974927,1.1036349007998911,4414.539603199564,0.055131,0.00055131,1.0554988431433574,5.54988431433574,4221.995372573429,108.42658172219237,102.06022039654457
2025-12-18 00:00:00-03:00,36.92065704179516,37.33912978698329,36.92065704179516,37.25353240966797,21898830,0.0,0.0,37.182684035528276,35.939608612060546,37.25007858276367,37.16393417537327,36.29418358834817,1.0,0.0,0.7955935726310218,38.84126572802571,35.65889143750163,0.00513219223777539,1.1092989672711144,4437.195869084458,0.055131,0.00055131,1.056080750210571,5.608075021057091,4224.323000842283,108.98304778327552,102.1164872166514
2025-12-19 00:00:00-03:00,37.42472193951619,38.04291682960508,37.27254801511191,37.59591293334961,35446214,0.0,0.0,37.266546885172524,36.02314979553223,37.332739448547365,37.203204971552935,36.34523179795607,1.0,0.0,0.7362818514037756,38.80530315135491,35.86017574573982,0.009190551916434808,1.1194940370206672,4477.976148082669,0.055131,0.00055131,1.0566629780889696,5.666297808896958,4226.651912355878,109.98466214193903,102.17278505721883
2025-12-22 00:00:00-03:00,37.538847699117234,37.77661523415811,37.36765298122557,37.6719970703125,15858704,0.0,0.0,37.34889457339332,36.10893173217774,37.425948524475096,37.24582243507653,36.39726180863671,1.0,0.0,0.6454721868378905,38.716892898150874,36.13500415079932,0.002023734257970311,1.1217595954549795,4487.038381819918,0.055131,0.00055131,1.05724552695542,5.724552695541996,4228.98210782168,110.20724187056696,102.22911393534872
2025-12-23 00:00:00-03:00,37.85270577804071,38.37579290994606,37.79563962103625,38.290199279785156,10490138,0.0,0.0,37.46710332234701,36.20438110351562,37.54602108001709,37.3407657845955,36.47149465064253,1.0,0.0,0.5624967180615175,38.671014516140126,36.42102764389406,0.01641012575783596,1.1401678114864549,4560.6712459458195,0.055131,0.00055131,1.0578283969868858,5.78283969868858,4231.313587947543,112.0157565690872,102.28547386815244
2025-12-26 00:00:00-03:00,38.224196238992015,38.420118030915646,37.92051727466553,38.30256271362305,12196300,0.0,1.03,37.582046872093564,36.297201538085936,37.624447631835935,37.42820186905254,36.54330124134765,1.0,0.0,0.5525854338010245,38.72961849943798,36.51927676423389,0.0003228876858945018,1.140535957632637,4562.143830530548,0.055131,0.00055131,1.058995101253208,5.899510125320795,4235.980405012831,112.05192507750952,102.39828696627372
2025-12-29 00:00:00-03:00,38.38093845221752,38.46910308443448,38.06746503475677,38.18501663208008,10657000,0.0,0.0,37.651141393752326,36.38767105102539,37.70329132080078,37.49700321114595,36.60768223706265,1.0,0.0,0.5108660461798715,38.72502341316052,36.68155922844104,-0.0030688829471235968,1.137035786281677,4548.143145126707,0.055131,0.00055131,1.0595789358424799,5.957893584247986,4238.31574336992,111.7080508354468,102.4547401658611
2025-12-30 00:00:00-03:00,38.429908752441406,38.86093366380856,38.35154228532784,38.429908752441406,13764900,0.0,0.0,37.737892150878906,36.48465629577637,37.75256481170654,37.58181280580917,36.679142100410836,1.0,0.0,0.5316859491283175,38.815936709963175,36.68919291344991,0.006413304011908982,1.1443279424515214,4577.311769806085,0.055131,0.00055131,1.0601630923055994,6.016309230559935,4240.652369222397,112.4244685260323,102.51122448866195
2026-01-02 00:00:00-03:00,38.83975947661506,38.97696721000553,38.36933135986328,38.36933135986328,18846800,0.018182,0.0,37.78193464733305,36.57809303283691,37.81330909729004,37.65340540163227,36.74542403215407,1.0,0.0,0.5291485761928469,38.87160624967573,36.755011944904346,-0.0015763085197093574,1.1425241285664935,4570.096514265974,0.055131,0.00055131,1.0613323715632874,6.133237156328741,4245.329486253149,112.2472528784709,102.62428657254765
2026-01-05 00:00:00-03:00,38.457527623737604,39.339578728696196,38.28111665502,38.927955627441406,24438700,0.0,0.0,37.86638750348772,36.67065773010254,37.86060218811035,37.769273603978554,36.83101350647907,1.0,0.0,0.5844107233088455,39.02942363472804,36.69178074149266,0.014559134803231899,1.159158291370238,4636.633165480952,0.055131,0.00055131,1.061917494713054,6.191749471305408,4247.669978852216,113.88147576442103,102.68086436797799
2026-01-06 00:00:00-03:00,39.29058244744022,39.67280502451956,39.16317367553711,39.16317367553711,21959800,0.0,0.0,37.92262940179734,36.7743985748291,37.91965618133545,37.89599179230206,36.922470768010754,1.0,0.0,0.6529837089911317,39.225623599317714,36.61368876335318,0.006042394066281043,1.166162382551894,4664.649530207576,0.055131,0.00055131,1.0625029404470645,6.25029404470645,4250.011761788258,114.5695925178393,102.73747335531272
2026-01-07 00:00:00-03:00,39.104370682089005,39.18277348825039,38.408525682271375,38.53593444824219,20894500,0.0,0.0,37.949002765473864,36.86002174377441,37.90056800842285,37.95416839738753,36.98574385351002,1.0,0.0,0.6273499489351406,39.15526790629313,36.64586811055257,-0.01601604692437686,1.1474850711114999,4589.940284445999,0.055131,0.00055131,1.0630887089431624,6.308870894316243,4252.3548357726495,112.73464054796685,102.79411355174824
2026-01-08 00:00:00-03:00,38.565337533018244,39.29058316482787,38.447731446838056,39.13377380371094,17209400,0.0,0.0,37.95929209391276,36.958141021728515,38.00133361816406,38.06140525250784,37.069980322145355,1.0,0.0,0.6562983580721442,39.31393033430835,36.68873690201977,0.015513814937372583,1.1652869421481216,4661.1477685924865,0.055131,0.00055131,1.06367480037929,6.367480037928996,4254.69920151716,114.48358489845923,102.85078497449045
2026-01-09 00:00:00-03:00,39.13377306450575,39.48659505501186,38.976963706350816,39.05536651611328,17023600,0.0,0.0,38.05152566092355,37.05559097290039,38.08918285369873,38.15176536738106,37.14783860426174,1.0,0.0,0.6745882758586843,39.4383594054161,36.74000630198136,-0.0020035708283830944,1.1629522072241378,4651.808828896551,0.055131,0.00055131,1.0642612149334871,6.426121493348713,4257.044859733948,114.25420892742797,102.90748764075475
2026-01-12 00:00:00-03:00,39.0553672391205,39.11417215150347,38.70254898071289,38.70254898071289,10672200,0.0,0.0,38.11839076450893,37.1402320098877,38.16343975067139,38.20183660495668,37.20880763863238,1.0,0.0,0.6550318463306202,39.473503443332625,36.85337605801015,-0.009033778629495837,1.1524463544273913,4609.785417709565,0.055131,0.00055131,1.064847952783892,6.48479527838921,4259.391811135569,113.2220616964894,102.96422156776599
2026-01-13 00:00:00-03:00,38.68294829019912,38.78095274127312,38.3889274597168,38.3889274597168,17397400,0.0,0.0,38.17417726062593,37.21626365661621,38.207369804382324,38.218844864480324,37.25508684730236,1.0,0.0,0.6381700120459647,39.483709828474254,36.931029780290395,-0.008103381540900179,1.1431076419120467,4572.430567648187,0.055131,0.00055131,1.0654350141087414,6.543501410874142,4261.7400564349655,112.30458013171543,103.02098677275848
2026-01-14 00:00:00-03:00,38.68294348788877,38.86915341726433,38.437928651991086,38.81034851074219,21222100,0.0,0.0,38.236083076113744,37.285263519287106,38.27379817962647,38.2726179232314,37.31607750077059,1.0,0.0,0.627728065338131,39.52925431030273,37.0183420489502,0.01097767192031096,1.1556563025745574,4622.62521029823,0.055131,0.00055131,1.0660223990863698,6.602239908636975,4264.089596345479,113.53742296754967,103.07778327297619
2026-01-15 00:00:00-03:00,39.006362232479155,39.41798911253867,38.869154518669255,39.14356994628906,19093500,0.0,0.0,38.31521588280087,37.36182685852051,38.340243339538574,38.35179537987301,37.387743871183076,1.0,0.0,0.6466191437963206,39.63348162713122,37.04700505194593,0.008585891349433439,1.1655786420257506,4662.314568103002,0.055131,0.00055131,1.0666101078952102,6.661010789521016,4266.440431580841,114.51224294524371,103.13461108567243
2026-01-16 00:00:00-03:00,39.17297810381619,39.29058419307417,38.67314568186701,38.82015609741211,19742500,0.0,0.0,38.363096328008744,37.42922523498535,38.36198616027832,38.39437362692202,37.443916899662646,1.0,0.0,0.6554645279814734,39.672915216241265,37.051057104315376,-0.008262247140992107,1.155948343223072,4623.793372892288,0.055131,0.00055131,1.067198140713794,6.719814071379404,4268.792562855177,113.56611449336079,103.1914702281101
2026-01-19 00:00:00-03:00,38.92796076732146,39.074967434909965,38.741747087627445,38.761348724365234,7190900,0.0,0.0,38.38100342523484,37.48361984252929,38.430244064331056,38.427734999416856,37.49558089278824,1.0,0.0,0.6197022990318956,39.66964866239485,37.19083946626726,-0.0015148669907278922,1.1541972352349368,4616.788940939747,0.055131,0.00055131,1.067786497720751,6.778649772075096,4271.145990883004,113.39407693524954,103.24836071756154
2026-01-20 00:00:00-03:00,38.565340224800586,39.29058590723089,38.29092475834982,39.12397384643555,20693900,0.0,0.0,38.46327881585984,37.547425231933595,38.53327693939209,38.49102944005492,37.5594394399901,1.0,0.0,0.5475804196408175,39.62843777867372,37.438116100110456,0.009355327768622468,1.1649951286801974,4659.98051472079,0.055131,0.00055131,1.0683751790948095,6.83751790948095,4273.500716379238,114.45491569199922,103.30528257130875
2026-01-21 00:00:00-03:00,39.46699227179914,40.937081363796786,39.43759168632075,40.839073181152344,39510800,0.0,0.0,38.64307676042829,37.642475051879885,38.71255397796631,38.70448796197287,37.688052527878824,1.0,0.0,0.6779686035062379,40.06849118497878,37.356616770953835,0.04383755447359938,1.2160656660951934,4864.2626643807735,0.055131,0.00055131,1.0689641850147964,6.89641850147964,4275.8567400591855,119.47233929341846,103.36223580664314
2026-01-22 00:00:00-03:00,41.12329325837905,42.70118955700307,41.06449208462615,42.22096252441406,42959700,0.0,0.0,38.87962105160668,37.76516265869141,38.94380645751953,39.02416746764935,37.865813704213544,1.0,0.0,0.9927547065386388,40.92931587059681,36.95829704444225,0.03383743154826235,1.2572142048298816,5028.856819319526,0.055131,0.00055131,1.069553515659637,6.955351565963697,4278.214062638548,123.51497639617025,103.41922044086573
2026-01-23 00:00:00-03:00,42.3287748647055,43.03441900785231,42.18176816063716,42.70119857788086,41025100,0.0,0.0,39.12272989182245,37.89673561096191,39.195266532897946,39.358443023124934,38.05543664043579,1.0,0.0,1.2557557858101167,41.70677810451818,36.683754961277714,0.011374351145810646,1.2715142006611178,5086.056802644471,0.055131,0.00055131,1.0701431712083553,7.014317120835534,4280.572684833422,124.91987910946682,103.47623649128698
2026-01-26 00:00:00-03:00,42.642389182517974,43.455840399879214,42.416975935673776,43.269630432128906,25371700,0.0,0.0,39.38928386143276,38.034821395874026,39.444238090515135,39.714005514852566,38.25991482834533,1.0,0.0,1.5304469075364215,42.50513190558798,36.38334427544229,0.01331184775086136,1.2884404041133768,5153.7616164535075,0.055131,0.00055131,1.0707331518400742,7.073315184007423,4282.932607360297,126.58279352122806,103.533283975227
2026-01-27 00:00:00-03:00,43.88706486540774,45.1513425652624,43.79885935754275,44.416297912597656,40280000,0.0,0.0,39.68100284394764,38.18181228637695,39.74992485046387,40.141486641920295,38.50134161596307,1.0,0.0,1.8645184972191347,43.47896184490214,36.0208878560256,0.02650051477253479,1.322584738076114,5290.338952304456,0.055131,0.00055131,1.0713234577340152,7.132345773401516,4285.293830936061,129.93730271088606,103.59036291001537
2026-01-28 00:00:00-03:00,44.729912234258244,45.49435740094006,44.720113284857476,45.41595458984375,36337500,0.0,0.0,40.01973579043434,38.365702056884764,40.11147174835205,40.620983728095155,38.77250290905643,1.0,0.0,2.2135086150735708,44.538488978499196,35.68445451820491,0.022506528554298244,1.352351529249103,5409.4061169964125,0.055131,0.00055131,1.0719140890694987,7.19140890694987,4287.656356277995,132.8617403246171,103.64747331299131
2026-01-29 00:00:00-03:00,45.749174256388606,46.111795196808714,44.73971424503776,45.22974395751953,36252700,0.0,0.0,40.355198996407644,38.542990112304686,40.451463508605954,41.0399619307701,39.025728048211846,1.0,0.0,2.451100244339281,45.353663997284514,35.549263019927395,-0.004100114904682872,1.346806732587658,5387.226930350632,0.055131,0.00055131,1.0725050460259438,7.2505046025943765,4290.020184103775,132.31699192285004,103.70461520150351
2026-01-30 00:00:00-03:00,45.17093613121184,45.45515424338173,44.08306964152207,44.59270095825195,38117000,0.0,0.0,40.648665291922434,38.70465957641601,40.76263198852539,41.36293820599572,39.24404071135068,1.0,0.0,2.5652332675280074,45.89309852358141,35.632165453469376,-0.014084603261647843,1.3278374940890447,5311.349976356179,0.055131,0.00055131,1.0730963287828683,7.309632878286831,4292.385315131473,130.45335958684203,103.76178859291025
2026-02-02 00:00:00-03:00,44.89486394310025,45.19880143900539,44.54190089225904,44.98310470581055,28095400,0.018182,0.0,40.96360687982468,38.87953269958496,41.065389442443845,41.69204425143343,39.46910204446675,1.0,0.0,2.691518097450614,46.448425637345075,35.682353247542615,0.008754880040213076,1.3394625520626915,5357.850208250766,0.055131,0.00055131,1.0736879375198898,7.368793751988978,4294.751750079559,131.59546310086762,103.81899350457944
2026-02-03 00:00:00-03:00,45.39489773505818,46.06160496663313,44.99291282250198,45.2380256652832,48570600,0.0,0.0,41.264086405436196,39.063101272583005,41.36913204193115,42.01440619814704,39.6953343433223,1.0,0.0,2.8058998050029365,46.98093165193703,35.75733243192528,0.005667037905449979,1.3470533371181614,5388.2133484726455,0.055131,0.00055131,1.074279872416724,7.427987241672396,4297.119489666896,132.3412195784455,103.87622995388845
2026-02-04 00:00:00-03:00,45.002714222921576,45.08114837867,43.188877152164544,43.74773406982422,48683500,0.0,0.0,41.48239880516415,39.22136009216309,41.62972202301025,42.1719814592086,39.85425197965571,1.0,0.0,2.770720947753016,47.171163918516285,36.08828012750422,-0.0329433385640141,1.3026769029696927,5210.707611878771,0.055131,0.00055131,1.0748721336531861,7.487213365318612,4299.488534612745,127.98145797589822,103.93349795822435
2026-02-05 00:00:00-03:00,44.355617053444945,44.98310526715994,43.865391418964506,44.63014221191406,36014400,0.0,0.0,41.77259917486282,39.395109024047855,41.90454044342041,42.39545061854547,40.04154179268545,1.0,0.0,2.7826838365397566,47.46990811649992,36.339172770340895,0.020170373639957218,1.3289523828347338,5315.809531338935,0.055131,0.00055131,1.0754647214091906,7.546472140919058,4301.858885636762,130.56289180225858,103.9907975349837
2026-02-06 00:00:00-03:00,44.698766932640986,46.02237445517209,44.22815084151605,45.836090087890625,38175900,0.0,0.0,42.091757093157085,39.59567451477051,42.24357662200928,42.70823602484957,40.26877898073271,1.0,0.0,2.829949202442521,47.90347502689432,36.58367821712424,0.027020928372812447,1.3648619099821897,5459.447639928759,0.055131,0.00055131,1.0760576358647507,7.605763586475067,4304.230543459003,134.09082234979468,104.0481287015727
2026-02-09 00:00:00-03:00,46.081208119564344,47.45384134683527,45.826292443706706,47.3656005859375,41656900,0.0,0.0,42.48748252505348,39.82521156311035,42.67672920227051,43.13163280313029,40.54708571034859,1.0,0.0,2.92095394344297,48.51863708915645,36.834821315384566,0.03336913107365924,1.4104061659538303,5641.624663815321,0.055131,0.00055131,1.0766508771999794,7.665087719997943,4306.603508799918,138.56531657655972,104.10549147540719
2026-02-10 00:00:00-03:00,47.36559940071281,48.22839377442954,47.2479425623768,47.473445892333984,43939300,0.0,0.0,42.905144282749724,40.03999984741211,43.130955123901366,43.526343083966985,40.81870767826959,1.0,0.0,2.925426557455415,48.98180823881219,37.28010200899054,0.002276869818230498,1.4136174771845367,5654.469908738147,0.055131,0.00055131,1.0772444455950887,7.7244445595088695,4308.977782380355,138.88081176372646,104.16288587391251
2026-02-11 00:00:00-03:00,47.846019800962324,48.699011333186824,47.64992880478581,48.404876708984375,45819200,0.0,0.0,43.38209424700056,40.27593452453613,43.61068153381348,43.96984614078675,41.1162045030035,1.0,0.0,2.9660193874763725,49.54272030876622,37.67864275886073,0.019620038089562808,1.441352705930969,5765.410823723876,0.055131,0.00055131,1.0778383412303898,7.78383412303898,4311.353364921559,141.60565858044015,104.22031191452365
2026-02-12 00:00:00-03:00,48.091133493333885,48.1401553082461,46.93420070880681,47.29697036743164,42023800,0.0,0.0,43.786219097319105,40.472985153198245,44.018351554870605,44.27231197957265,41.358587478079116,1.0,0.0,2.87875970770049,49.77587097027158,38.26083213946963,-0.02288832069986657,1.4083625629560006,5633.450251824002,0.055131,0.00055131,1.0784325642862935,7.843256428629353,4313.730257145174,138.36454285393523,104.27776961468524
2026-02-13 00:00:00-03:00,47.1302933925489,47.1302933925489,45.689028793859855,46.836158752441406,32353500,0.0,0.0,44.15253284999302,40.6666194152832,44.41915168762207,44.50538895892436,41.57339419472078,1.0,0.0,2.667187342692705,49.75352637300748,39.084777002236656,-0.009742941490974322,1.3946409689070416,5578.563875628166,0.055131,0.00055131,1.0790271149433104,7.902711494331038,4316.1084597732415,137.01646520848394,104.33525899185155
2026-02-18 00:00:00-03:00,47.13029114953314,47.47344758997297,46.59104371164569,47.051856994628906,23368500,0.0,0.0,44.54451860700335,40.84801467895508,44.83367710113525,44.73688605307932,41.788235873148544,1.0,0.0,2.36918434324115,49.572045787617554,40.09530841465295,0.004605378577854813,1.4010638185490447,5604.255274196179,0.055131,0.00055131,1.07962199338205,7.962199338204989,4318.487973528199,137.6474779021685,104.39278006348636
2026-02-19 00:00:00-03:00,47.15970257143895,48.2087850862043,46.99302765793633,47.60090637207031,32026400,0.0,0.0,44.96544992356073,41.04039093017578,45.257523727416995,44.99725153662395,42.01618373585136,1.0,0.0,2.0275936206810483,49.31271096877909,41.2023364860549,0.011669026740094068,1.4174128697122719,5669.651478849088,0.055131,0.00055131,1.0802171997832215,8.02171997832215,4320.868799132886,139.25369000251538,104.45033284706318
2026-02-20 00:00:00-03:00,47.11067973415345,48.326440876122525,47.08126739479215,48.26761245727539,31655900,0.0,0.0,45.40086128598168,41.22738922119141,45.628950691223146,45.29455707486499,42.26133780335818,1.0,0.0,1.8480480607912464,49.32504681280564,41.932854569640654,0.014006163664065596,1.4372653863450149,5749.061545380059,0.055131,0.00055131,1.0808127343276341,8.081273432763414,4323.250937310537,141.20409997551567,104.50791736006511
2026-02-23 00:00:00-03:00,47.84601900334365,47.93425976314583,46.36553930013441,46.52241134643555,34148200,0.0,0.0,45.67149643670945,41.41546821594238,45.84402313232422,45.406180190462315,42.42843872661612,1.0,0.0,1.6725196334898176,49.18906239930385,42.498983865344584,-0.03615677308225318,1.3852985079119613,5541.194031647845,0.055131,0.00055131,1.0814085971961964,8.140859719619641,4325.634388784786,136.09861537441716,104.5655336199849
2026-02-24 00:00:00-03:00,46.70869080752697,47.40481020582962,46.32631546874451,47.228328704833984,38465900,0.0,0.0,45.90994244530087,41.61406715393066,46.070379638671874,45.571830055405194,42.61666970615408,1.0,0.0,1.5245935945535416,49.119566827778954,43.02119244956479,0.015173705273824334,1.406318619187286,5625.274476749144,0.055131,0.00055131,1.0820047885699167,8.200478856991666,4328.0191542796665,138.16373565228415,104.62318164432492
2026-02-25 00:00:00-03:00,47.395013737717626,47.55188578865253,46.14984019711733,46.85576629638672,28980200,0.0,0.0,46.107779003324964,41.8068342590332,46.24968643188477,45.68855153185805,42.78290878812398,1.0,0.0,1.3820835625746057,49.01385355703398,43.485519306735554,-0.007888536788495992,1.3952248230234803,5580.899292093921,0.055131,0.00055131,1.0826013086299033,8.260130862990334,4330.405234519613,137.07382594075509,104.68086145059728
2026-02-26 00:00:00-03:00,46.85576260795869,47.20872562980857,46.2380773197214,46.73810577392578,26516600,0.0,0.0,46.27294449579148,41.99138984680176,46.36577682495117,45.783965553864206,42.938014552273074,1.0,0.0,1.3159076297093617,48.99759208436989,43.73396156553245,-0.002511121506725056,1.3917212439636693,5566.884975854677,0.055131,0.00055131,1.0831981575573641,8.319815755736414,4332.792630229456,136.72961690842615,104.73857305632359
2026-02-27 00:00:00-03:00,46.66947100909913,46.689080479975004,45.37527585228392,45.865501403808594,44765800,0.0,0.0,46.34195418584915,42.15906425476074,46.388254165649414,45.79137790385915,43.05281795821565,1.0,0.0,1.3026017186348025,48.99345760291902,43.783050728379806,-0.018670084199347126,1.3657376911568475,5462.95076462739,0.055131,0.00055131,1.0837953355336072,8.37953355336072,4335.181342134429,134.17686344820137,104.79631647903528
2026-03-02 00:00:00-03:00,44.951554108651436,45.44197034597081,44.70634598999175,45.039825439453125,47144000,0.018182,0.0,46.32404327392578,42.30356742858887,46.37875823974609,45.72305495254951,43.13073982022496,1.0,0.0,1.3121489843509522,49.003056208447994,43.75446027104419,-0.01800211355123016,1.341151526159447,5364.606104637788,0.055131,0.00055131,1.0843928427400402,8.439284274004022,4337.5713709601605,131.76139631645893,104.85409173627333
2026-03-03 00:00:00-03:00,43.37240961814173,44.00994842867948,42.607357807286334,43.52934265136719,54352300,0.0,0.0,46.24307178315662,42.40644828796387,46.32559032440186,45.523626561532936,43.146371303799164,1.0,0.0,1.4064811676402882,49.13855265968243,43.512627989121285,-0.0335366039576791,1.296173858579401,5184.695434317604,0.055131,0.00055131,1.0849906793581714,8.49906793581714,4339.962717432685,127.34256655128307,104.9118988455885
2026-03-04 00:00:00-03:00,44.37286114126807,44.618069250767256,43.66666058860518,44.14726638793945,27146100,0.0,0.0,46.22186061314174,42.54146980285645,46.283798408508304,45.39850290938807,43.185622091412505,1.0,0.0,1.4598754899137718,49.203549388335844,43.36404742868076,0.014195567838487744,1.3145737825193393,5258.2951300773575,0.055131,0.00055131,1.0855888455696083,8.558884556960834,4342.355382278433,129.15026659348896,104.96973782454107
2026-03-05 00:00:00-03:00,43.94128857732629,44.137455795845746,42.49946756560203,42.6760139465332,37085400,0.0,0.0,46.11199914841425,42.65372375488281,46.1556978225708,45.1510039127649,43.16563745827999,1.0,0.0,1.6557358892842544,49.46716960113931,42.84422604400229,-0.0333260145368407,1.27076427753335,5083.057110133401,0.055131,0.00055131,1.0861873415560594,8.618734155605946,4344.749366224238,124.84620293155749,105.02760869070111
2026-03-06 00:00:00-03:00,42.626975754083574,42.75448501536501,41.83250389447927,42.10713577270508,26063600,0.0,0.0,45.96290915352957,42.75079582214355,46.07366790771484,44.874288627304914,43.124127588257444,1.0,0.0,1.8143543503589228,49.70237660843269,42.444959206997,-0.013330161868932877,1.253824784016573,5015.299136066292,0.055131,0.00055131,1.0867861674993329,8.678616749933287,4347.144669997331,123.18198283775818,105.0855114616484
2026-03-09 00:00:00-03:00,41.704997156205714,42.45042818859123,41.53825369035355,42.33272933959961,40970400,0.0,0.0,45.89552797589983,42.84553215026855,45.95879726409912,44.643237782968065,43.09309236281988,1.0,0.0,1.9760766832731695,49.91095063064546,42.00664389755278,0.005357608936221281,1.260542286883876,5042.169147535504,0.055131,0.00055131,1.087385323581337,8.73853235813371,4349.541294325349,123.84194372979123,105.14344615497235
2026-03-10 00:00:00-03:00,42.744680067607334,43.35279514039716,41.99924530856792,42.9604606628418,50383100,0.0,0.0,45.81601933070591,42.951301422119144,45.81501579284668,44.49025804477477,43.08789111968349,1.0,0.0,2.0869797517386854,49.98897529632405,41.64105628936931,0.014828510541015083,1.279234251472329,5116.9370058893155,0.055131,0.00055131,1.0879848099840808,8.798480998408076,4351.939239936323,125.6783352978082,105.20141278827204
2026-03-11 00:00:00-03:00,42.44062148762317,43.58819368323452,42.371963513949616,43.048736572265625,18482600,0.0,0.0,45.68328821091425,43.04647216796875,45.599172592163086,44.35921063818303,43.08635564723573,1.0,0.0,2.140713444517303,49.88059948119769,41.31774570312848,0.002054817570896761,1.2818628444895472,5127.451377958189,0.055131,0.00055131,1.0885846268896733,8.858462688967329,4354.338507558693,125.93658134945922,105.25941137915635
2026-03-12 00:00:00-03:00,42.26406908336274,42.39157834547174,41.48921057439237,41.871734619140625,27095200,0.0,0.0,45.421675545828684,43.117855606079104,45.31908702850342,44.133076454633716,43.03872345005553,1.0,0.0,2.24642829912158,49.811943626746576,40.82623043026026,-0.027341149748940308,1.246815240500756,4987.260962003024,0.055131,0.00055131,1.089184774480324,8.918477448032402,4356.739097921296,122.49333041991403,105.31744194524381
2026-03-13 00:00:00-03:00,42.009053766347805,42.519083325138496,41.51863756309787,41.58729553222656,24896600,0.0,0.0,45.141382671537855,43.185901184082034,44.978207969665526,43.90164182532397,42.98180470817988,1.0,0.0,2.270666040976443,49.519540051618414,40.43687588771264,-0.006793104931077765,1.2383454937423675,4953.381974969469,0.055131,0.00055131,1.089785252938343,8.978525293834295,4359.1410117533715,121.66122037301439,105.37550450416266
2026-03-16 00:00:00-03:00,42.42100079115047,42.63678511386727,42.02866633922514,42.1757926940918,17777300,0.0,0.0,44.84475962320963,43.26081886291504,44.72214908599854,43.74474644975741,42.95019639390191,1.0,0.0,2.284134183594215,49.29041745318697,40.15388071881011,0.014150888013604979,1.255869182146468,5023.4767285858725,0.055131,0.00055131,1.0903860624461406,9.038606244614055,4361.544249784562,123.38283467811144,105.43359907355088
2026-03-17 00:00:00-03:00,42.07771416980462,42.548513303172335,41.45978867031873,41.891353607177734,22436600,0.0,0.0,44.58734930129278,43.33125930786133,44.47490882873535,43.57625619134107,42.90867314736371,1.0,0.0,2.3107292273615587,49.09636728345847,39.85345037401223,-0.0067441313783275225,1.2473994353880795,4989.597741552318,0.055131,0.00055131,1.0909872031862278,9.098720318622778,4363.948812744911,122.55072463121178,105.49172567105613
2026-03-18 00:00:00-03:00,41.68538120989064,42.21503165735999,41.45979018409719,41.46959686279297,23872800,0.0,0.0,44.33179873511905,43.38209213256836,44.19579582214355,43.38474170692761,42.8522387832629,1.0,0.0,2.320198249644747,48.836192321433046,39.55539932285406,-0.010067871006023132,1.2348407787796063,4939.363115118425,0.055131,0.00055131,1.0915886753412165,9.15886753412165,4366.354701364866,121.3168997439301,105.54988431433586
2026-03-19 00:00:00-03:00,40.90071001500155,41.783456890918174,40.57703354139384,41.76384353637695,32908000,0.0,0.0,44.079988570440385,43.43410552978516,43.90394268035889,43.23738732778664,42.80955661671835,1.0,0.0,2.234880514539142,48.37370370943717,39.4341816512806,0.007095479480003997,1.243602566186509,4974.410264746037,0.054266,0.00054266,1.0921810368517773,9.218103685177725,4368.724147407109,122.17770131664084,105.60716201455787
2026-03-20 00:00:00-03:00,41.64406852522535,41.80229803159153,40.744137500426014,41.09026336669922,37660900,0.34888,0.0,43.769957951136995,43.485192108154294,43.545075225830075,43.04219424041506,42.74213335201172,1.0,0.0,2.0672711192702753,47.67961746437062,39.41053298728953,-0.016128308906507516,1.2235453598421275,4894.18143936851,0.054266,0.00054266,1.0927737198132352,9.277371981323522,4371.094879252941,120.20718160831905,105.66447079709668
2026-03-23 00:00:00-03:00,42.06930970327723,42.66266939030254,41.59462119915919,42.3066520690918,27535500,0.0,0.0,43.48610269455683,43.54864967346192,43.33428726196289,42.97532677029476,42.72505565464232,0.0,-1.0,1.9598485166577884,47.25398429527847,39.41459022864731,0.02960284512019884,1.259765783627072,5039.0631345082875,0.054266,0.00054266,1.0933667244000291,9.336672440002914,4373.466897600117,123.76565618780573,105.72181067881945
2026-03-24 00:00:00-03:00,42.02974710548418,42.33631838364357,41.49572117804078,42.069305419921875,18609000,0.0,0.0,43.27405003138951,43.608928451538084,43.07633609771729,42.89296119298813,42.69933995916309,0.0,0.0,1.7484573982416305,46.57325089420055,39.57942130123403,-0.005610149646970597,1.2526983090607908,5010.793236243163,0.054266,0.00054266,1.093960050786692,9.396005078669202,4375.840203146768,123.07131233543664,105.7791816766024
2026-03-25 00:00:00-03:00,42.672557690814365,43.01868352048953,42.375874096820105,42.62310791015625,35148900,0.0,0.0,43.05475380307152,43.68733963012696,42.86470317840576,42.86842907636705,42.69635046704518,0.0,0.0,1.506311554907537,45.877326288220836,39.85208006859069,0.013164051193774284,1.2691888937316216,5076.755574926487,0.054266,0.00054266,1.094553699147852,9.455369914785194,4378.214796591408,124.69142939150531,105.83658380733105
2026-03-26 00:00:00-03:00,42.217645983226426,42.36598778505861,41.47594451904297,41.47594451904297,18260900,0.0,0.0,42.7985718136742,43.74907997131348,42.601595115661624,42.741839571155765,42.64849141026078,0.0,0.0,1.2279936868058627,45.05758248927335,40.1456077420499,-0.026914118828015754,1.235029793030531,4940.119172122124,0.054266,0.00054266,1.0951476696582316,9.514766965823164,4380.590678632927,121.3354694440272,105.89401708789994
2026-03-27 00:00:00-03:00,41.34738463779494,41.34738463779494,40.7243543668076,40.99136734008789,27910700,0.0,0.0,42.52491760253906,43.79270034790039,42.35788841247559,42.58270573196778,42.583506152606944,0.0,0.0,1.0105572066344084,44.37900282574441,40.33677399920677,-0.011683330773397893,1.2206005314435542,4882.402125774217,0.054266,0.00054266,1.0957419624926483,9.574196249264833,4382.967849970593,119.91786701996712,105.95148153521285
2026-03-30 00:00:00-03:00,41.53527742295182,41.59461489165184,40.773796884165776,41.13970184326172,18528100,0.0,0.0,42.29987952822731,43.83262298583984,42.162882232666014,42.451523560267226,42.52688637576988,0.0,0.0,0.8250657258410821,43.81301368434818,40.51275078098385,0.0036186766336228082,1.2250174900656765,4900.069960262706,0.054266,0.00054266,1.0963365778260146,9.633657782601457,4385.346311304058,120.35181100330617,106.00897716618275
2026-03-31 00:00:00-03:00,41.822077276374394,43.15713850326952,41.68362692958397,42.99890899658203,33419700,0.0,0.0,42.20269303094773,43.91619804382324,42.136360549926756,42.50128587265948,42.54539706678212,0.0,0.0,0.786450863998517,43.70926227792379,40.56345882192972,0.045192528628518414,1.2803791280559054,5121.516512223621,0.054266,0.00054266,1.0969315158333377,9.69315158333377,4387.726063333351,125.79081366756711,106.06650399773176
2026-04-01 00:00:00-03:00,43.37305863811107,43.80837082265746,43.036679840122154,43.36316680908203,26681100,0.018182,0.0,42.19477989560082,44.00823440551758,42.09715557098389,42.57963868506153,42.577466468440946,0.0,0.0,0.6951775603877689,43.487510691759425,40.70680045020835,0.008471326854571082,1.2912256381474376,5164.9025525897505,0.054266,0.00054266,1.0975267766897199,9.752677668971987,4390.107106758879,126.85642876544749,106.12406204679117
2026-04-02 00:00:00-03:00,42.166048605687095,43.54124295797845,42.01764853673038,42.83880615234375,17811800,0.0,0.0,42.13247226533436,44.08253105163574,42.105295181274414,42.60319936390537,42.58771508349596,0.0,0.0,0.7032184832925532,43.51173214785952,40.69885821468931,-0.012092305413184401,1.275611743373625,5102.4469734945,0.054266,0.00054266,1.0981223605703583,9.812236057035829,4392.489442281433,125.32244208518983,106.18165133030149
2026-04-06 00:00:00-03:00,42.888278585627475,43.274127874347776,42.7398784967969,43.026790618896484,11004600,0.0,0.0,42.14917591639927,44.12628540039063,42.15127792358398,42.64170765981365,42.604933731943035,0.0,0.0,0.732791011767466,43.61685994711892,40.68569590004905,0.004388181731400875,1.2812093595222576,5124.83743808903,0.054266,0.00054266,1.0987182676505454,9.871826765054536,4394.8730706021815,125.8723797360826,106.23927186521239
2026-04-07 00:00:00-03:00,42.8388165643689,43.00700787894541,42.18584628968124,42.99711227416992,20302000,0.0,0.0,42.19155574980236,44.141808395385745,42.1844970703125,42.674017170209666,42.6203132826186,0.0,0.0,0.7561367033771124,43.69677047706673,40.67222366355828,-0.0006897643142719234,1.2803256270269479,5121.302508107791,0.054266,0.00054266,1.0993144981056686,9.93144981056686,4397.257992422675,125.78555746038818,106.29692366848276
2026-04-08 00:00:00-03:00,45.21324798239431,45.242927243332495,44.22389902774265,44.50091552734375,35777600,0.0,0.0,42.29480271112351,44.177802734375,42.261519813537596,42.84009883904004,42.694062390254885,0.0,0.0,0.9034476794728213,44.06841517248324,40.45462445459195,0.034974517441656694,1.3251043980004018,5300.417592001607,0.054266,0.00054266,1.0999110521112108,9.991105211121077,4399.644208444843,130.18484663369503,106.3546067570807
2026-04-09 00:00:00-03:00,44.71857698805709,45.47048059156638,44.5108145971743,45.262718200683594,22162900,0.0,0.0,42.40443402244931,44.21766448974609,42.37221889495849,43.060336962825815,42.794793990663855,0.0,0.0,1.115690305137736,44.603599505233966,40.14083828468302,0.017118809002294677,1.3477886070978713,5391.154428391485,0.054266,0.00054266,1.1005079298427494,10.050792984274937,4402.031719370997,132.41345615821027,106.41232114798349
2026-04-10 00:00:00-03:00,45.34186970743412,45.88601094133408,45.28250740454665,45.57931137084961,29705900,0.0,0.0,42.52493758428665,44.240924758911135,42.55759773254395,43.289334636282526,42.90399075067114,0.0,0.0,1.317856785859324,45.19331130426259,39.9218841608253,0.006994568217540964,1.357215806453042,5428.863225812168,0.054266,0.00054266,1.101105131475958,10.110513147595789,4404.420525903832,133.33963111022925,106.47006685817769
2026-04-13 00:00:00-03:00,45.27260763884808,45.549627919458345,44.75814949071511,45.34186553955078,31011600,0.0,0.0,42.69018191382999,44.23944297790527,42.74532623291016,43.47592835476146,42.999593683568385,0.0,0.0,1.434609881261922,45.614545995434,39.87610647038632,-0.005209508967059295,1.3501453785390902,5400.581514156361,0.054266,0.00054266,1.1017026571866047,10.170265718660465,4406.810628746419,132.64499710629613,106.52784390465892
2026-04-14 00:00:00-03:00,45.510058569090866,46.34111196348913,45.361654694564734,46.0344123840332,23343300,0.0,0.0,42.901949382963636,44.25553634643555,42.93825721740723,43.70851781196798,43.11860618162583,0.0,0.0,1.6035040032274477,46.145265223862125,39.73124921095233,0.015273893922126414,1.3707673558303455,5483.069423321382,0.054266,0.00054266,1.1023005071505536,10.230050715055361,4409.202028602214,134.67100272139848,106.58565230443224
2026-04-15 00:00:00-03:00,45.876116534383684,46.9050405002152,45.876116534383684,46.53898239135742,28907200,0.0,0.0,43.109720320928666,44.294461975097654,43.17063865661621,43.965832773730654,43.25273858200746,0.0,0.0,1.7717441395177231,46.714126935651656,39.62715037758077,0.01096071354435768,1.3857919441535584,5543.167776614234,0.054266,0.00054266,1.102898681543764,10.289868154376403,4411.594726175056,136.14709300495912,106.64349207451178
2026-04-16 00:00:00-03:00,46.766530203751294,46.96440076923052,46.02451841375452,46.479618072509766,22566300,0.0,0.0,43.3282091049921,44.32439224243164,43.42113971710205,44.1943587099833,43.379282875752644,0.0,0.0,1.8700303204237012,47.161200357949454,39.68107907625465,-0.0012755826577480756,1.3840242519823491,5536.097007929397,0.054266,0.00054266,1.1034971805422906,10.349718054229061,4413.988722169162,135.9734261342192,106.70136323192092
2026-04-17 00:00:00-03:00,46.994077804664514,47.38981891685689,46.252066049854015,46.30153274536133,39165500,0.0,0.0,43.558301289876304,44.345662384033204,43.64802417755127,44.385919985926755,43.49388090985495,0.0,0.0,1.932597880485816,47.5132199385229,39.78282841657964,-0.003831471396142261,1.3787214026493115,5514.885610597246,0.054266,0.00054266,1.1040960043222838,10.409600432228384,4416.384017289135,135.45244784135048,106.75926579369236
2026-04-20 00:00:00-03:00,46.30153428038883,46.52908410651994,45.737605629962374,45.87611389160156,19194500,0.0,0.0,43.75412368774414,44.38822998046875,43.88731670379639,44.52139215916992,43.58730181109992,0.0,0.0,1.89515701240234,47.677630728601066,40.09700267899171,-0.00918800801043429,1.3660536993576124,5464.21479743045,0.054266,0.00054266,1.1046951530599893,10.469515305998932,4418.780612239957,134.20790966555123,106.81719977686797
2026-04-22 00:00:00-03:00,45.76727942677988,45.76727942677988,44.50091401554837,44.55038070678711,25440000,0.0,0.0,43.91889118012928,44.38663475036621,43.99950313568115,44.52402748168058,43.625069610930794,0.0,0.0,1.8627966977550166,47.725096531191184,40.27390974017112,-0.028898114342181702,1.3265773233560159,5306.309293424063,0.054266,0.00054266,1.105294626931749,10.529462693174896,4421.178507726996,130.3295541464109,106.8751651984989
2026-04-23 00:00:00-03:00,44.42177079867183,44.639425008332864,43.650076026394224,43.70943832397461,20444200,0.0,0.0,43.985690525599885,44.34410171508789,44.08150978088379,44.449973921889125,43.6283781879129,0.0,0.0,1.808666152635445,47.698842086154684,40.4641774756129,-0.01887621092055869,1.3015365699979176,5206.14627999167,0.054266,0.00054266,1.1058944261139998,10.58944261139998,4423.577704455999,127.86942599316092,106.93316207564551
2026-04-24 00:00:00-03:00,43.98645672430213,44.04581902443734,43.42252808225213,43.89741516113281,18234600,0.0,0.0,44.07274337041946,44.2747380065918,44.14522514343262,44.399741307274915,43.63892865745094,0.0,0.0,1.7767497475961689,47.69872463862496,40.59172564824028,0.00430060061090054,1.30713395896596,5228.5358358638405,0.054266,0.00054266,1.1064945507832749,10.649455078327485,4425.9782031331,128.41934132470257,106.9911904253775
2026-04-27 00:00:00-03:00,44.026031644035605,44.08539394424225,43.51156969777905,43.52146530151367,13718400,0.0,0.0,44.11552229381743,44.19569839477539,44.24750118255615,44.31989803402389,43.63432225133575,0.0,0.0,1.6707194033701167,47.588939989296385,40.906062375815914,-0.008564282389729616,1.2959392946201704,5183.757178480681,0.054266,0.00054266,1.1070950011162028,10.709500111620285,4428.3800044648115,127.31952182129476,107.04925026477372
2026-04-28 00:00:00-03:00,43.214762423104695,44.13485724821448,42.73987538015557,43.630287170410156,27131800,0.0,0.0,44.21811003912063,44.10020660400391,44.37944717407227,44.257206137331735,43.634164012868084,1.0,1.0,1.494993642203154,47.36943445847858,41.38945988966596,0.002500418314102637,1.299179684966404,5196.718739865616,0.054266,0.00054266,1.1076957772895086,10.769577728950864,4430.783109158035,127.63787388539951,107.10734161092242
2026-04-29 00:00:00-03:00,43.382952692737966,43.54124838379076,42.3045621180449,42.41339111328125,18628100,0.0,0.0,44.28582545689174,44.002535018920895,44.443131637573245,44.08958658969078,43.586290565825465,1.0,0.0,1.371772311592126,47.186676260757494,41.699587014388996,-0.02789108520821748,1.2629441536722208,5051.7766146888835,0.054266,0.00054266,1.1082968794800125,10.829687948001254,4433.187517920051,124.07791506906611,107.16546448092102
2026-04-30 00:00:00-03:00,42.85859306484675,43.09603845599983,42.67061813681431,42.729976654052734,22735500,0.0,0.0,44.36155282883417,43.920411376953126,44.429685020446776,43.965985686450956,43.55270962810889,1.0,0.0,1.38789751920954,47.20548005886586,41.65388998202769,0.007464282681993506,1.2723711258468013,5089.484503387205,0.0534,0.0005340000000000001,1.1088887100136549,10.888871001365485,4435.5548400546195,125.00406770173402,107.22269083895381
2026-05-04 00:00:00-03:00,42.66879714813336,42.80736373299064,41.81759809754576,41.966064453125,25336300,0.018182,0.0,44.31236975533621,43.818695526123044,44.359829902648926,43.784174665239505,43.49048824869776,1.0,0.0,1.4767193619934262,47.313268626635775,41.406391178662076,-0.017877664832641083,1.249624101316182,4998.496405264727,0.0534,0.0005340000000000001,1.1094808565848022,10.948085658480222,4437.923426339209,122.76928687664564,107.27994775586183
2026-05-05 00:00:00-03:00,42.06504319520344,42.26299709478277,41.68893116356836,42.02545166015625,29386700,0.0,0.0,44.2486690339588,43.707186431884764,44.31916217803955,43.62429075568648,43.43303583346084,1.0,0.0,1.531013298116332,47.38118877427221,41.257135581806885,0.0014151245251405875,1.2513924750291612,5005.569900116645,0.0534,0.0005340000000000001,1.1100733193622185,11.007331936221853,4440.2932774488745,122.94302070543881,107.33723524796346
2026-05-06 00:00:00-03:00,42.79747408918958,42.84696162317466,41.11487150409913,41.352413177490234,38718400,0.0,0.0,44.17788841610863,43.56888244628906,44.23544330596924,43.41775643039591,43.35144278812866,1.0,0.0,1.6468028203914586,47.529048946752155,40.94183766518633,-0.016015020804740376,1.2313513985066735,4925.405594026694,0.0534,0.0005340000000000001,1.110666098514758,11.066609851475807,4442.664394059032,120.97408567104357,107.39455333158587
2026-05-07 00:00:00-03:00,41.36230902333562,41.441488315064234,40.10530614602099,40.37254333496094,36335300,0.0,0.0,44.051495688302175,43.44588508605957,44.10421485900879,43.14091887626546,43.23462320172993,1.0,0.0,1.8434998949595547,47.7912146489279,40.417215069089686,-0.023695590347377338,1.2021738001939892,4808.695200775957,0.0534,0.0005340000000000001,1.111259194211365,11.125919421136498,4445.03677684546,118.10753329433399,107.45190202306493
2026-05-08 00:00:00-03:00,40.73875534970548,41.12476336186102,40.56059722476346,40.837730407714844,35920000,0.0,0.0,43.948667980375745,43.31807312011719,43.92105560302734,42.93153810639723,43.14062740588621,1.0,0.0,1.979007571338091,47.87907074570352,39.96304046035116,0.011522362336560343,1.216025682311344,4864.102729245376,0.0534,0.0005340000000000001,1.1118526066210739,11.185260662107389,4447.410426484295,119.46841108762867,107.50928133874527
2026-05-11 00:00:00-03:00,40.53090137645485,40.68926371869874,39.69949813576043,39.9172477722168,41215600,0.0,0.0,43.73039808727446,43.17930274963379,43.65378208160401,42.657511712380824,43.014220361428585,1.0,0.0,2.1424858200831025,47.93875372177021,39.3688104414378,-0.022540004704182937,1.1886164577116392,4754.465830846557,0.0534,0.0005340000000000001,1.1124463359130097,11.244633591300968,4449.785343652039,116.77559253971226,107.56669129498017
2026-05-12 00:00:00-03:00,39.87766342188117,39.91725495848378,39.36298477301739,39.46195983886719,43381700,0.0,0.0,43.45417149861654,43.033779830932616,43.34791450500488,42.367006996606854,42.87491602721049,1.0,0.0,2.28504607207445,47.91800664915378,38.77782236085598,-0.011405794706780825,1.1750593424098792,4700.237369639517,0.0534,0.0005340000000000001,1.1130403822563872,11.304038225638724,4452.161529025549,115.44367410444161,107.62413190813167
2026-05-13 00:00:00-03:00,39.521343773322975,40.1547932023162,38.96707363512569,39.22441482543945,48564700,0.0,0.0,43.151557377406526,42.90095809936523,43.04204196929932,42.081316799228,42.73175911733711,1.0,0.0,2.410105088293929,47.862252145887176,38.22183179271146,-0.006019594931363947,1.1679859611482568,4671.943844593027,0.0534,0.0005340000000000001,1.1136347458205123,11.363474582051225,4454.538983282049,114.74874994894448,107.68160319457066
2026-05-14 00:00:00-03:00,39.739096495087935,40.23397937161129,39.58073412562673,39.98653793334961,34925200,0.0,0.0,42.89654177711124,42.799892349243166,42.739648246765135,41.89088235687542,42.62410338463172,1.0,0.0,2.3942530880373867,47.52815442283991,37.95114207069036,0.019429814601488182,1.1906797118305084,4762.718847322033,0.0534,0.0005340000000000001,1.1142294267747805,11.422942677478055,4456.917707099122,116.978296886205,107.73910517067655
2026-05-15 00:00:00-03:00,39.37288046881914,39.64011767536194,39.17493033863044,39.293701171875,46869600,0.0,0.0,42.57555552891323,42.71517951965332,42.377384185791016,41.65477497642083,42.49349937628831,0.0,-1.0,2.3365676068379617,47.050519399466936,37.704248972115096,-0.01732675038357767,1.1700491016768308,4680.196406707323,0.0534,0.0005340000000000001,1.1148244252886783,11.482442528867832,4459.297701154714,114.95144313576169,107.7966378528377
2026-05-18 00:00:00-03:00,39.2639993960256,39.442157505426245,38.897787182549216,39.21451187133789,22993100,0.0,0.0,42.226771218436106,42.61652442932129,42.014128875732425,41.43293287595874,42.36491163099614,0.0,0.0,2.2274338014339667,46.46899647860036,37.55926127286449,-0.0020153179307473845,1.1676910807423666,4670.764322969467,0.0534,0.0005340000000000001,1.1154197415317826,11.54197415317826,4461.6789661271305,114.71977943124489,107.85420125745114
2026-05-19 00:00:00-03:00,38.65034722042321,39.01655944751488,38.30393075907383,38.38311004638672,41150400,0.0,0.0,41.84122321719215,42.53066635131836,41.61820774078369,41.15567625508856,42.20876254924676,0.0,0.0,2.1267118226008432,45.871631385985374,37.364784095582,-0.02120138145998063,1.1429344167121307,4571.737666848523,0.0534,0.0005340000000000001,1.1160153756737605,11.601537567376052,4464.061502695042,112.28756162651825,107.9117954009226
2026-05-20 00:00:00-03:00,38.81860843496051,39.57082863732122,38.69983384328027,39.263999938964844,38261500,0.0,0.0,41.506102607363744,42.47380363464355,41.28760204315186,40.9837056808955,42.09328166256904,0.0,0.0,1.9352911842686853,45.15818441168923,37.41701967461449,0.022949935310441205,1.169164687639751,4676.658750559004,0.0534,0.0005340000000000001,1.1166113278843703,11.661132788437033,4466.445311537482,114.86455390201402,107.9694202996667
2026-05-21 00:00:00-03:00,39.026459430926614,40.03602083534829,38.84830131393124,39.70939636230469,40949800,0.0,0.0,41.212449391682945,42.42133697509766,41.045552825927736,40.86785937920543,41.99979596451946,0.0,0.0,1.804015104999528,44.65358303592679,37.43752261592868,0.01134363345640299,1.1824272633065063,4729.709053226025,0.0534,0.0005340000000000001,1.1172075983334606,11.720759833346062,4468.830393333842,116.16753529861172,108.0270759701067
2026-05-22 00:00:00-03:00,39.60052470791459,39.63022024689508,38.907691725979404,39.02646255493164,21539700,0.0,0.0,40.949405670166016,42.342657012939455,40.81140403747558,40.700459667907815,41.88319465433954,0.0,0.0,1.7429386249320054,44.297281287339594,37.32552678761157,-0.017198292342246235,1.1620915335587187,4648.366134234875,0.0534,0.0005340000000000001,1.1178041871909707,11.780418719097074,4471.216748763883,114.16965206586798,108.08476242867475
2026-05-25 00:00:00-03:00,39.452061134798306,40.07561457869404,39.452061134798306,39.907352447509766,11436200,0.0,0.0,40.76835396176293,42.279829330444336,40.611900901794435,40.62835901150799,41.80571064622857,0.0,0.0,1.5930222939988399,43.79794548979211,37.42585631379676,0.022571604878054874,1.188321804486339,4753.287217945356,0.0534,0.0005340000000000001,1.1184010946269307,11.840109462693071,4473.604378507723,116.74664434136378,108.14247969181167
2026-05-26 00:00:00-03:00,39.80837915156654,39.94694575064571,39.24421298351184,39.65001678466797,23046600,0.0,0.0,40.56609689621698,42.235394973754886,40.41832847595215,40.53941880906798,41.72117363204973,0.0,0.0,1.4496266476163113,43.31758177118478,37.519075180719526,-0.006448327114164543,1.180659116774117,4722.636467096468,0.0534,0.0005340000000000001,1.1189983208114616,11.899832081146155,4475.993283245846,115.99382378916962,108.20022777596712
2026-05-27 00:00:00-03:00,40.18448563339388,40.40223529410652,39.87766068492404,39.907352447509766,21601400,0.0,0.0,40.393996284121556,42.20179611206055,40.23218173980713,40.4819582307445,41.65004338951875,0.0,0.0,1.239234412031469,42.71065056387007,37.753712915744195,0.006490177904320715,1.188321804486339,4753.287217945356,0.0534,0.0005340000000000001,1.119595865914775,11.959586591477489,4478.3834636591,116.74664434136378,108.25800669759948
2026-05-28 00:00:00-03:00,39.907350466990465,40.03602105790378,39.31349259080889,39.59062576293945,20196600,0.0,0.0,40.20163145519438,42.1500927734375,40.09104347229004,40.40092800639859,41.56928191396662,0.0,0.0,1.1340160622798598,42.359075596849756,37.82301134773032,-0.007936549661792358,1.1788906294708426,4715.562517883371,0.0534,0.0005340000000000001,1.1201937301071734,12.019373010717338,4480.774920428694,115.82007880070091,108.31581647317601
2026-05-29 00:00:00-03:00,39.46195637788394,39.74898932959377,39.135335668700264,39.630218505859375,80334400,0.0,0.0,40.06909942626953,42.104870071411135,39.93605556488037,40.330863506349566,41.49324021168791,0.0,0.0,0.9515035869523075,41.83906273878498,38.03304839097576,0.0010000534762191204,1.180069583142927,4720.278332571708,0.0534,0.0005340000000000001,1.1207919135590507,12.079191355905072,4483.167654236203,115.93590507312155,108.37365711917269
2026-06-01 00:00:00-03:00,39.65812362885329,39.6680278975858,38.86595211198152,38.974876403808594,32832400,0.018182,0.0,39.89028512863886,42.05497566223144,39.78649616241455,40.20759195157311,41.39448084667304,0.0,0.0,0.8447170638019981,41.475930290018546,38.097062034810556,-0.01653642414194334,1.1605554519990693,4642.221807996277,0.0534,0.0005340000000000001,1.1213904164408912,12.139041644089122,4485.561665763565,114.01873977355233,108.4315286520743
2026-06-02 00:00:00-03:00,39.24223499869076,39.5987131256231,39.0838006953177,39.17292022705078,23121000,0.0,0.0,39.75727826073056,42.003157196044924,39.64386959075928,40.11353088570744,41.30736082237413,0.0,0.0,0.6694105171297454,40.98269062501877,38.30504855649979,0.005081320109660004,1.1664526057556877,4665.810423022751,0.0534,0.0005340000000000001,1.1219892389232706,12.198923892327063,4487.956955693083,114.59810548884177,108.48943108837452
2026-06-03 00:00:00-03:00,38.84614892915216,38.91546370360708,38.261921703480745,38.34114074707031,40844400,0.0,0.0,39.58183488391695,41.948174743652345,39.49330596923828,39.9524045094677,41.19103846647986,0.0,0.0,0.5999426085860623,40.6931911864104,38.293420752066154,-0.021233532633242014,1.1416846962862441,4566.738785144977,0.0534,0.0005340000000000001,1.1225883811768558,12.258838117685578,4490.353524707423,112.16478287623674,108.54736444457573
2026-06-05 00:00:00-03:00,38.3708389543545,38.78672752472157,38.19259991637683,38.45005798339844,34727700,0.0,0.0,39.4436274937221,41.87104286193848,39.39718170166016,39.81582755255231,41.08354903577079,0.0,0.0,0.6056402465538976,40.60846219476795,38.185901208552366,0.00284074063019224,1.144927926389853,4579.711705559413,0.0534,0.0005340000000000001,1.1231878433724043,12.31878433724043,4492.751373489617,112.48341393222996,108.60532873718913
2026-06-08 00:00:00-03:00,38.34114075547355,38.69761889696094,38.05397738845628,38.143096923828125,23153100,0.0,0.0,39.33746337890625,41.7925186920166,39.26245002746582,39.663761131759195,40.96823718824363,0.0,0.0,0.5667867709856154,40.39602356943705,38.12887648549459,-0.007983370524508704,1.1357875425296255,4543.1501701185025,0.0534,0.0005340000000000001,1.1237876256807653,12.378762568076528,4495.150502723061,111.5854171609473,108.66332398273482
2026-06-09 00:00:00-03:00,38.53917886928191,38.95507127253413,38.39064883605533,38.836246490478516,28212000,0.0,0.0,39.242154620942614,41.71678146362305,39.20839996337891,39.588532528006404,40.884629709899905,0.0,0.0,0.5524185489556638,40.31323706129024,38.10356286546758,0.018172346310385112,1.1564274670874952,4625.709868349981,0.0534,0.0005340000000000001,1.124387728272879,12.438772827287892,4497.550913091516,113.61318600478482,108.7213501977416
2026-06-10 00:00:00-03:00,38.648103528327375,39.20262547882349,38.27182441867063,38.974876403808594,41470600,0.0,0.0,39.19727979387556,41.66676010131836,39.18404579162598,39.53274560762478,40.80973742338652,0.0,0.0,0.5513875769440659,40.28682094551411,38.081270637737845,0.003569601232293884,1.1605554519990693,4642.221807996277,0.0534,0.0005340000000000001,1.1249881513197766,12.498815131977658,4499.952605279106,114.01873977355233,108.77940739874718
2026-06-11 00:00:00-03:00,38.85605194144897,40.22254640282129,38.83624718119218,40.103721618652344,57558800,0.0,0.0,39.22783987862723,41.64900718688965,39.22801113128662,39.58465251771819,40.78205052908323,0.0,0.0,0.5885777633303738,40.40516665794737,38.05085560462587,0.02896340717410051,1.1941690921034407,4776.676368413763,0.0534,0.0005340000000000001,1.1255888949925814,12.558889499258141,4502.355579970325,117.32111095909153,108.83749560229812
2026-06-12 00:00:00-03:00,39.82646062084827,40.71765212545665,39.717536333342764,40.20273971557617,30651000,0.0,0.0,39.274426778157554,41.63026794433594,39.23882122039795,39.640842262978005,40.75933245796531,0.0,0.0,0.6049988094509389,40.44881883929983,38.02882360149607,0.002469050076334467,1.197117555391455,4788.47022156582,0.0534,0.0005340000000000001,1.1261899594625076,12.618995946250756,4504.759837850031,117.61078265706071,108.89561482494976
2026-06-15 00:00:00-03:00,40.87609035077036,41.0840384547974,39.92548447688546,40.004703521728516,25132500,0.0,0.0,39.275291806175595,41.570383834838864,39.27437133789063,39.67392055922805,40.72973916634818,0.0,0.0,0.6288140593147662,40.53199945652016,38.016743219261095,-0.004925937765652533,1.1912206288154266,4764.882515261706,0.0534,0.0005340000000000001,1.1267913449008606,12.679134490086064,4507.1653796034425,117.03143926112234,108.95376508326629
2026-06-16 00:00:00-03:00,39.88587209331179,40.232449723581006,39.73734206094358,40.0542106628418,20052700,0.0,0.0,39.31150654384068,41.50420471191406,39.31635627746582,39.7084923868293,40.703247852485184,0.0,0.0,0.6522046343638492,40.62076554619352,38.011947008738126,0.0012375330087470715,1.1926948036642862,4770.779214657145,0.0534,0.0005340000000000001,1.1273930514790378,12.739305147903778,4509.572205916151,117.17626953026917,109.01194639382076
2026-06-17 00:00:00-03:00,40.54932117368863,41.22266794436156,40.23245254953337,40.400787353515625,28205700,0.0,0.0,39.36799585251581,41.4554443359375,39.417240142822266,39.77142829289169,40.691386656447165,0.0,0.0,0.6562869222383977,40.72981398729906,38.10466629834547,0.00865269056457385,1.2030148227383684,4812.0592909534735,0.0534,0.0005340000000000001,1.1279950793685276,12.799507936852761,4511.98031747411,118.19015953202569,109.07015877319506
2026-06-18 00:00:00-03:00,40.519611618326145,40.975113564849075,40.06411344917513,40.09382247924805,20051100,0.0,0.0,39.44945834931873,41.396784973144534,39.45873126983643,39.800736855287724,40.66795276714524,0.0,0.0,0.672128934497602,40.802989138831634,38.11447340084122,-0.007597992375286355,1.1938743252878457,4775.497301151383,0.052531,0.00052531,1.1285876264636707,12.858762646367072,4514.3505058546825,117.2921516010675,109.1274544183002
2026-06-19 00:00:00-03:00,40.32550125608952,40.33549103115019,39.7260118436638,39.83591842651367,48413400,0.36188,0.0,39.47669256301153,41.3335610961914,39.465057373046875,39.80393517994463,40.63532396947341,0.0,0.0,0.6752007716279382,40.81545891630275,38.114655829791,-0.00643251345934559,1.1861947126216645,4744.7788504866585,0.052531,0.00052531,1.1291804848297284,12.918048482972843,4516.721939318913,116.53766825721803,109.18478016138069
2026-06-22 00:00:00-03:00,40.12567430961569,40.98493986061546,40.06572422067264,40.905006408691406,25404800,0.0,0.0,39.53362637474423,41.261642913818356,39.55898456573486,39.90403256437615,40.645899751403526,0.0,0.0,0.7386569255067746,41.03629841674841,38.08167071472131,0.026837287162084777,1.2180289607544388,4872.115843017755,0.052531,0.00052531,1.1297736546302144,12.977365463021439,4519.094618520858,119.66522312543677,109.24213601824728
2026-06-23 00:00:00-03:00,40.4853621245986,41.34462756744456,40.35547218728935,41.01490783691406,21074900,0.0,0.0,39.628314245314826,41.17668670654297,39.61436233520508,40.00502122551596,40.66037065671767,0.0,0.0,0.8047126149934422,41.22378756519196,38.0049371052182,0.002686747610417317,1.221301497154165,4885.20598861666,0.052531,0.00052531,1.1303671360287282,13.036713602872819,4521.468544114913,119.98673337771908,109.29952200471904
2026-06-24 00:00:00-03:00,40.77511541172959,41.44454084042542,40.77511541172959,40.93497848510742,22041600,0.0,0.0,39.67724881853376,41.083800048828124,39.67861042022705,40.08956279456973,40.67113959116433,0.0,0.0,0.857287181167817,41.393184782562685,37.96403605789142,-0.00194878779502472,1.2189214397024655,4875.685758809862,0.052531,0.00052531,1.1309609291889555,13.096092918895552,4523.843716755822,119.7529046961477,109.35693813662336
2026-06-25 00:00:00-03:00,41.26469662107741,42.074005617420354,41.184766985816914,41.66435623168945,20778400,0.0,0.0,39.773169744582404,41.0102498626709,39.76646060943604,40.232725834307885,40.710089263341786,0.0,0.0,0.9651941529997289,41.696848915435496,37.83607230343658,0.017817958469121598,1.240640131292206,4962.560525168824,0.052531,0.00052531,1.1315550342746679,13.155503427466787,4526.220137098671,121.88665697858035,109.4143844297959
2026-06-26 00:00:00-03:00,41.47451620765697,42.50363837113291,41.364613435587046,42.203895568847656,23047700,0.0,0.0,39.882528940836586,40.93363952636719,39.89712409973144,40.411923082902405,40.76866990277339,0.0,0.0,1.106657072374848,42.11043824448114,37.68380995498175,0.01294966215625415,1.2567060018499308,5026.824007399723,0.052531,0.00052531,1.1321494514497228,13.21494514497228,4528.597805798891,123.46504800780819,109.47186090008071
2026-06-29 00:00:00-03:00,42.20389592077892,42.5735785862989,42.004066113776894,42.373748779296875,21151300,0.0,0.0,40.01505860828218,40.850334854125975,40.03430061340332,40.59027087348372,40.83161417244098,0.0,0.0,1.2344867019862504,42.503274017375816,37.56532720943082,0.004024586075760173,1.2617637233263002,5047.0548933052005,0.052531,0.00052531,1.1327441808780638,13.274418087806383,4530.976723512255,123.96194372086349,109.52936756333014
2026-06-30 00:00:00-03:00,42.054024374970986,42.48365714402659,41.604408243234104,42.14394760131836,40172400,0.0,0.0,40.13475999378023,40.763621444702146,40.19275417327881,40.731514212377775,40.88307822847539,0.0,0.0,1.2933284492517743,42.779411071782356,37.60609727477526,-0.005423196780993678,1.2549209303635824,5019.683721454329,0.052531,0.00052531,1.133339222723721,13.333922272372089,4533.356890894884,123.28967370671077,109.58690443540485
2026-07-01 00:00:00-03:00,41.68232433218767,42.78185652222005,41.45242228565654,42.4220085144043,26405300,0.018182,0.0,40.298909141903835,40.68603096008301,40.35520858764649,40.88519551256201,40.94342843576672,0.0,0.0,1.3607845256521514,43.07677763895079,37.63363953634219,0.006597884842596935,1.263200754148686,5052.803016594744,0.052531,0.00052531,1.1339345771508098,13.39345771508098,4535.73830860324,124.10312477610901,109.64447153217381
2026-07-02 00:00:00-03:00,42.691895801328926,43.141705824596144,42.292067635265,42.45199966430664,15005100,0.0,0.0,40.45505578177316,40.61754867553711,40.5607515335083,41.0276322536297,41.00258809178789,0.0,0.0,1.3509852443909567,43.26272202229021,37.85878104472639,0.0007069714743035416,1.264093801048188,5056.375204192752,0.052531,0.00052531,1.134530244323533,13.453024432353299,4538.120977294132,124.19086214519766,109.70206886951436
2026-07-03 00:00:00-03:00,42.77186372527867,42.87181981353131,42.511971794893235,42.721885681152344,9878400,0.0,0.0,40.66366268339611,40.58097877502441,40.774342918395995,41.18165529249539,41.07001152666493,1.0,1.0,1.3373404366867445,43.449023791769484,38.099662045022505,0.006357439437007839,1.2721302008310489,5088.520803324195,0.052531,0.00052531,1.1351262244061786,13.51262244061786,4540.504897624714,124.98039802991552,109.75969646331221
2026-07-06 00:00:00-03:00,42.4719916455321,42.651911841762704,42.03217570584738,42.541961669921875,19170500,0.0,0.0,40.85851523989723,40.55762924194336,40.994286155700685,41.305319508625075,41.12773506169461,1.0,0.0,1.2400048693123233,43.47429589432533,38.51427641707604,-0.004211518484303345,1.2667726009758085,5067.090403903234,0.052531,0.00052531,1.1357225175631214,13.572251756312138,4542.890070252485,124.45404077343693,109.81735432946134
2026-07-07 00:00:00-03:00,42.65191013499634,43.16169607867115,42.34204398597851,42.41201400756836,21184500,0.0,0.0,41.06179700578962,40.52792121887207,41.17307453155517,41.4059280994381,41.17809894192495,1.0,0.0,1.1681776370173709,43.50942980558992,38.83671925752043,-0.0030545761702707175,1.262903147575716,5051.612590302864,0.052531,0.00052531,1.1363191239588224,13.631912395882239,4545.27649583529,124.0738864261965,109.87504248386418
2026-07-08 00:00:00-03:00,42.31205789567455,42.31205789567455,41.542383845608946,41.87224197387695,18564500,0.0,0.0,41.20636821928478,40.49493675231933,41.3179428100586,41.44832026984163,41.205320237295616,1.0,0.0,1.05544115451326,43.42882511908512,39.207060501032075,-0.01272686634487774,1.2468303480099945,4987.321392039978,0.052531,0.00052531,1.1369160437578292,13.691604375782918,4547.6641750313165,122.49481465676075,109.93276094243134
2026-07-09 00:00:00-03:00,41.93221711246756,42.73187720992022,41.92221921639184,42.57194519042969,18657300,0.0,0.0,41.37765720912388,40.473769912719725,41.441353988647464,41.55046798989509,41.25891337271264,1.0,0.0,1.0502818436387664,43.541917675925,39.34079030136993,0.01671043114885662,1.2676654206947204,5070.661682778882,0.052531,0.00052531,1.1375132771247756,13.751327712477558,4550.053108499103,124.5417558231745,109.99050972108202
2026-07-10 00:00:00-03:00,43.371605404177934,44.32120344067175,43.21167338425857,44.281219482421875,28815100,0.0,0.0,41.57658567882719,40.51112648010254,41.645277976989746,41.79871812557934,41.37743518093653,1.0,0.0,1.184498959483081,44.014275895955905,39.27628005802359,0.04015025116532467,1.3185625057292105,5274.250022916842,0.052531,0.00052531,1.138110824224382,13.811082422438204,4552.443296897528,129.5421386000455,110.0482888357436
2026-07-13 00:00:00-03:00,44.09130263672963,44.62107675261554,43.46156862241603,43.50155258178711,17749900,0.0,0.0,41.73367200578962,40.526557998657225,41.82012042999268,41.95352125796186,41.460733902538514,1.0,0.0,1.1876689046201634,44.195458239233005,39.44478262075235,-0.01760716867665013,1.29534635328013,5181.38541312052,0.052531,0.00052531,1.1387086852214554,13.87086852214554,4554.834740885822,127.2612683149805,110.10609830235192
2026-07-14 00:00:00-03:00,43.79143142337715,43.98134951448077,43.22167333698598,43.611507415771484,15398000,0.0,0.0,41.90542457217262,40.55946685791016,41.99798526763916,42.104247272308186,41.545077961880985,1.0,0.0,1.1755962234388444,44.34917771451685,39.64679282076147,0.0025276071187954052,1.2986204799439864,5194.481919775946,0.052531,0.00052531,1.1393068602808891,13.930686028088912,4557.227441123557,127.58293480272039,110.16393813685113
2026-07-15 00:00:00-03:00,43.50155171122029,43.60150779456738,43.03174973071258,43.12171173095703,18975900,0.0,0.0,42.05149605160668,40.58139205932617,42.13403148651123,42.19674404127626,41.60690673713887,1.0,0.0,1.137866231264793,44.40976394904082,39.858299023981644,-0.011230881797892778,1.2840358268334127,5136.14330733365,0.052531,0.00052531,1.1399053495676632,13.990534956766322,4559.621398270653,126.15006594252276,110.2218083551938
2026-07-16 00:00:00-03:00,43.21167541831132,43.21167541831132,42.32205327731617,42.53196334838867,18156600,0.0,0.0,42.152980622791105,40.60498306274414,42.25593852996826,42.22721852374102,41.64318346699181,1.0,0.0,1.0336120129580493,44.32316255588436,40.188714504052165,-0.013676367632340036,1.2664748808125432,5065.899523250173,0.052531,0.00052531,1.1405041532468445,14.050415324684451,4562.016612987378,124.42479126384889,110.27970897334083
2026-07-17 00:00:00-03:00,42.481983146238,42.59193712447403,41.85224915193722,41.94221115112305,19576400,0.0,0.0,42.24099913097563,40.63637641906738,42.36125316619873,42.20130876259393,41.65491004284009,1.0,0.0,0.8681142960256488,44.09748175825003,40.62502457414743,-0.013866093893546205,1.2489138212013788,4995.655284805515,0.052531,0.00052531,1.1411032714835867,14.110327148358671,4564.413085934347,122.69950542549945,110.33764000726163
2026-07-20 00:00:00-03:00,42.12213432900866,42.51196838019373,42.082150371687106,42.282066345214844,12612200,0.0,0.0,42.357482365199495,40.665263137817384,42.4301061630249,42.208650361014016,41.67950440763911,1.0,0.0,0.7983412876163591,44.02678873825762,40.83342358779218,0.008102939372157891,1.2590336941756237,5036.1347767024945,0.052531,0.00052531,1.1417027044431298,14.170270444312983,4566.810817772519,123.69373207895605,110.39560147293386
2026-07-21 00:00:00-03:00,42.36203639213687,42.561952375727316,42.162120408546436,42.51197052001953,9834900,0.0,0.0,42.43400446573893,40.71715759277344,42.50495929718018,42.236224920923604,41.712150137536376,1.0,0.0,0.7255300441966449,43.95601938557347,41.05389920878689,0.005437392130451135,1.265879554076307,5063.518216305228,0.052531,0.00052531,1.1423024522908007,14.230245229080074,4569.209809163203,124.36630340434832,110.4535933863436
2026-07-22 00:00:00-03:00,42.661908898500904,42.96178097042178,42.252082843823636,42.88181686401367,21986300,0.0,0.0,42.52290489560082,40.78555473327637,42.60230121612549,42.29491509756816,41.758019420927646,1.0,0.0,0.6278264907529231,43.85795419763134,41.34664823461964,0.008699816533321414,1.2768924739500536,5107.569895800214,0.052531,0.00052531,1.1429025151920136,14.290251519201359,4571.610060768055,125.44826742689352,110.51161576348538
2026-07-23 00:00:00-03:00,42.62192577790433,42.851827831339364,42.25208367568974,42.541961669921875,22570600,0.0,0.0,42.59942790440151,40.85190567016602,42.64618148803711,42.31737387687304,41.78876225422154,1.0,0.0,0.5882420934256479,43.822665674888405,41.46969730118581,-0.007925391668210824,1.2667726009758087,5067.090403903235,0.052531,0.00052531,1.143502893312269,14.350289331226907,4574.011573249076,124.45404077343693,110.56966862036208
2026-07-24 00:00:00-03:00,42.28206930784801,42.432007251769726,42.02218119320806,42.0821533203125,10443700,0.0,0.0,42.61932300385975,40.89381797790527,42.64009437561035,42.29599018991299,41.800267786225106,1.0,0.0,0.5936646372985518,43.82742365020746,41.45276510101325,-0.010808348547182045,1.2530808811744418,5012.323524697767,0.052531,0.00052531,1.144103586817155,14.410358681715497,4576.41434726862,123.10889812265242,110.62775197298507
2026-07-27 00:00:00-03:00,42.43200557776673,42.84183162016018,42.31205751520967,42.67190170288086,14920100,0.0,0.0,42.64160901024228,40.96138198852539,42.65500202178955,42.33016396381916,41.8344495084469,1.0,0.0,0.5903586466180849,43.83571931502572,41.47428472855338,0.014014215909519345,1.2706418271953113,5082.567308781245,0.052531,0.00052531,1.1447045958723459,14.470459587234586,4578.818383489383,124.83417280132632,110.68586583737398
2026-07-28 00:00:00-03:00,43.48155928552127,43.65148538808278,42.581939292312924,42.84183120727539,19096400,0.0,0.0,42.66389864966983,41.03392837524414,42.689896202087404,42.37667916776972,41.873954673106844,1.0,0.0,0.579079112338625,43.848054426764655,41.53173797741015,0.003982234154402908,1.2757018204775814,5102.807281910325,0.052531,0.00052531,1.1453059206436036,14.53059206436036,4581.223682574414,125.33129170789236,110.744010229557
2026-07-29 00:00:00-03:00,42.631922801811164,42.71188690815658,41.80227279663086,41.80227279663086,20532400,0.0,0.0,42.647628420875186,41.10231163024903,42.65890941619873,42.3244604067571,41.871143619127395,1.0,0.0,0.6099278485068125,43.87876511321236,41.439053719185104,-0.024265032127478103,1.2447468748186106,4978.987499274443,0.052531,0.00052531,1.1459075612967768,14.590756129677684,4583.630245187107,122.29012388802202,110.8021851655707
2026-07-30 00:00:00-03:00,42.17211575652175,42.83183585299812,41.81227155096402,42.721885681152344,12531700,0.0,0.0,42.661908285958425,41.171469345092774,42.672403717041014,42.360589977156664,41.9045060529323,1.0,0.0,0.6080919281574139,43.88858757335584,41.456219860726186,0.021999112081666494,1.2721302008310493,5088.520803324197,0.052531,0.00052531,1.1465095179978018,14.650951799780177,4586.038071991207,124.98039802991552,110.86039066146003
2026-07-31 00:00:00-03:00,43.23166655044989,43.28164459309448,42.87181854248047,42.87181854248047,10285400,0.0,0.0,42.68189966110956,41.23471778869629,42.679900360107425,42.40706530127701,41.942439876051836,1.0,0.0,0.6096562397821649,43.899212839671755,41.460587880543095,0.0035095094455128706,1.276594753786788,5106.379015147152,0.052531,0.00052531,1.147111790912701,14.711179091270111,4588.447163650804,125.41901791730548,110.91862673327839
2026-08-03 00:00:00-03:00,43.349998474121094,43.470001220703125,42.83000183105469,43.16999816894531,17043500,0.018182,0.0,42.703238351004465,41.31758850097656,42.71130218505859,42.476422834701395,41.99057941694962,1.0,0.0,0.6182905623858793,43.94788330983035,41.47472106028683,0.006955142949427007,1.2854736527878639,5141.894611151455,0.052531,0.00052531,1.1477143802075855,14.771438020758554,4590.857520830342,126.29132511549706,110.97689339708765
2026-08-04 00:00:00-03:00,43.81999969482422,43.86000061035156,42.04999923706055,42.099998474121094,26508600,0.0,0.0,42.68219248453776,41.361441421508786,42.69570140838623,42.442202438285,41.99487036036811,1.0,0.0,0.6300640026110313,43.95582941360829,41.43557340316416,-0.024785724813718657,1.2536122565745782,5014.449026298313,0.052531,0.00052531,1.1483172860486524,14.831728604865235,4593.269144194609,123.16110308482446,111.03519066895808
2026-08-05 00:00:00-03:00,42.61000061035156,43.380001068115234,42.279998779296875,42.380001068115234,30166400,0.0,0.0,42.68066805884952,41.41604110717773,42.721089363098145,42.43654776826956,42.0099735253778,1.0,0.0,0.6048628639710597,43.930815091040266,41.51136363515602,0.006650893210037978,1.2619498978198505,5047.799591279402,0.052531,0.00052531,1.1489205086021865,14.892050860218653,4595.682034408746,123.98023442907211,111.0935185649684
2026-08-06 00:00:00-03:00,42.29999923706055,42.900001525878906,41.83000183105469,41.83000183105469,22055300,0.0,0.0,42.678656623477025,41.454494094848634,42.68399219512939,42.381407228522754,42.002915811874935,1.0,0.0,0.6364205663466399,43.95683332782267,41.41115106243611,-0.012977801396856004,1.2455725626731617,4982.290250692647,0.05166,0.0005166,1.1495140409369304,14.951404093693043,4598.056163747722,122.37124356951597,111.15090947665907
2026-08-07 00:00:00-03:00,42.0099983215332,42.130001068115234,40.5,40.75,25577700,0.0,0.0,42.591897328694664,41.47768157958984,42.507431221008304,42.23309748047523,41.953781858468076,1.0,0.0,0.6593979255434431,43.82622707209519,41.188635369921414,-0.025818832985393114,1.2134133327063152,4853.653330825261,0.05166,0.0005166,1.1501078798904785,15.010787989047847,4600.431519561914,119.21176086957976,111.2083300364947
2026-08-10 00:00:00-03:00,40.75,40.880001068115234,40.34000015258789,40.41999816894531,19652700,0.0,0.0,42.40802964710054,41.49347717285156,42.35335350036621,42.06827027033614,41.89363347848679,1.0,0.0,0.7662488068826405,43.88585111413149,40.82085588660093,-0.008098204443059864,1.203586863464125,4814.3474538565,0.05166,0.0005166,1.15070202562123,15.070202562122992,4602.80810248492,118.24635965804076,111.26578025979157
2026-08-11 00:00:00-03:00,40.45000076293945,40.54999923706055,38.79999923706055,39.0,44710200,0.0,0.0,42.193670000348774,41.49397964477539,42.12277812957764,41.78933660939649,41.780157655801034,1.0,0.0,1.019657729937789,44.16209358945322,40.08346266970206,-0.035131079497086604,1.1613035576821176,4645.21423072847,0.05166,0.0005166,1.151296478287666,15.1296478287666,4605.185913150664,114.09223739665305,111.32326016187379
2026-08-12 00:00:00-03:00,39.209999084472656,39.34000015258789,38.38999938964844,38.43000030517578,49492600,0.0,0.0,41.946931566510884,41.47912124633789,41.88819255828857,41.48394239992188,41.648778936168675,1.0,0.0,1.283344064164633,44.45488068661784,39.321504429959305,-0.01461537679036462,1.1443306686186026,4577.322674474411,0.05166,0.0005166,1.1518912380483495,15.189123804834948,4607.564952193398,112.42473635824524,111.38076975807343
2026-08-13 00:00:00-03:00,38.380001068115234,38.90999984741211,38.15999984741211,38.310001373291016,24129000,0.0,0.0,41.71780250186012,41.478498458862305,41.67709445953369,41.1954023065918,41.51784648272249,1.0,0.0,1.500705639879479,44.678505739292646,38.67568317977474,-0.0031225326810263576,1.1407574587079403,4563.029834831761,0.05166,0.0005166,1.1524863050619254,15.24863050619254,4609.945220247701,112.07368644481083,111.43830906373044
2026-08-14 00:00:00-03:00,38.2599983215332,39.130001068115234,37.869998931884766,39.0,39681400,0.0,0.0,41.549613770984465,41.48949729919433,41.52998390197754,40.99582027871982,41.41910740496867,1.0,0.0,1.61333176827486,44.75664743852726,38.303320365427815,0.018010926702551222,1.1613035576821176,4645.21423072847,0.05166,0.0005166,1.1530816794871206,15.30816794871206,4612.326717948482,114.09223739665305,111.49587809419276
2026-08-17 00:00:00-03:00,38.91999816894531,38.97999954223633,38.16999816894531,38.380001068115234,21823400,0.0,0.0,41.37998471941267,41.49423538208008,41.334880638122556,40.75801853230122,41.299926764307756,0.0,-1.0,1.7479221751439225,44.8307249884104,37.83903628783471,-0.015897408509865762,1.1428418406216845,4571.367362486738,0.05166,0.0005166,1.1536773614827438,15.36773614827438,4614.709445930976,112.27846649095386,111.55347686481628
2026-08-18 00:00:00-03:00,38.47999954223633,38.7400016784668,38.2599983215332,38.41999816894531,3225300,0.0,0.0,41.19607671101888,41.485910415649414,41.13028202056885,40.54547122654159,41.18698838801903,0.0,0.0,1.8399541471659822,44.810190314900815,37.45037372623688,0.0010421339165440635,1.144032834865042,4576.1313394601675,0.05166,0.0005166,1.1536773614827438,15.36773614827438,4614.709445930976,112.39547568898163,111.55347686481628
