Inadimplencia_PF,Inadimplencia_PJ,Taxa_Juros_PF,Comprometimento_Renda,Mes_Ano,Close
1.96,4.62,37.92,41.9,2011-03,7.102417945861816
2.04,4.67,38.71,41.99,2011-04,6.775862216949463
2.15,4.82,38.4,42.28,2011-05,6.547857761383057
2.09,4.79,38.28,42.59,2011-06,6.661531448364258
2.18,4.9,38.67,42.74,2011-07,5.758772850036621
2.15,4.97,37.7,43.48,2011-08,5.329138278961182
2.14,5.03,37.99,43.79,2011-09,5.368316650390625
2.23,5.17,38.39,44.02,2011-10,6.050861358642578
2.2,5.22,37.56,44.24,2011-11,5.899588108062744
2.15,5.22,35.54,44.33,2011-12,6.341412544250488
2.22,5.36,36.8,44.57,2012-01,6.5545477867126465
2.27,5.4,37.22,44.36,2012-02,6.870443820953369
2.24,5.36,36.71,44.63,2012-03,6.598668098449707
2.37,5.41,35.68,44.83,2012-04,5.669772624969482
2.29,5.51,33.5,44.99,2012-05,5.540245532989502
2.27,5.43,32.6,45.44,2012-06,5.352012634277344
2.28,5.42,31.97,45.71,2012-07,6.146058082580566
2.35,5.4,31.36,45.84,2012-08,6.055200099945068
2.31,5.41,31.16,45.68,2012-09,5.842112064361572
2.43,5.34,30.46,45.88,2012-10,5.674812316894531
2.38,5.21,30.3,45.84,2012-11,6.144444465637207
2.26,5.1,28.89,46.22,2012-12,6.442532062530518
2.28,5.04,29.64,46.39,2013-01,6.630851745605469
2.28,5.0,30.35,46.45,2013-02,6.772879123687744
2.21,4.95,29.89,46.53,2013-03,6.928770065307617
2.31,4.86,30.0,46.79,2013-04,6.581693649291992
2.28,4.9,29.74,47.13,2013-05,6.967653751373291
2.11,4.62,30.2,47.26,2013-06,6.1894025802612305
2.07,4.57,30.98,47.53,2013-07,6.272332191467285
2.01,4.46,31.49,47.72,2013-08,6.3127665519714355
2.02,4.45,31.76,47.57,2013-09,6.8450927734375
2.03,4.26,32.37,47.47,2013-10,7.532320022583008
1.95,4.16,32.84,47.58,2013-11,7.178204536437988
1.84,4.09,32.37,47.76,2013-12,7.0375189781188965
1.83,4.05,34.0,47.8,2014-01,6.643435478210449
1.88,4.03,35.3,47.72,2014-02,6.973143577575684
1.88,4.08,35.45,47.73,2014-03,7.573330402374268
1.92,4.13,35.32,47.8,2014-04,8.222983360290527
2.0,4.19,35.58,48.04,2014-05,7.785604953765869
1.97,4.01,35.79,48.19,2014-06,7.866177558898926
2.01,4.08,36.06,48.17,2014-07,8.640847206115723
2.06,4.07,36.16,48.12,2014-08,10.074056625366211
2.03,3.97,35.63,48.15,2014-09,8.423042297363281
2.08,4.01,36.85,48.29,2014-10,9.143738746643066
2.0,3.87,37.13,48.18,2014-11,9.638091087341309
1.92,3.7,36.41,48.39,2014-12,8.620343208312988
2.02,3.78,38.32,48.67,2015-01,8.200356483459473
2.03,3.85,39.77,48.45,2015-02,9.327458381652832
2.1,3.71,39.94,48.46,2015-03,9.02707290649414
2.28,3.79,40.91,48.59,2015-04,9.854452133178711
2.31,3.89,41.79,48.44,2015-05,8.783682823181152
2.3,3.7,42.6,48.36,2015-06,8.759358406066895
2.41,3.81,43.54,48.52,2015-07,8.473319053649902
2.48,3.92,44.5,48.61,2015-08,7.577385425567627
2.43,3.99,45.56,48.68,2015-09,7.570248603820801
2.53,4.12,46.83,48.46,2015-10,7.563109397888184
2.68,4.24,47.42,48.07,2015-11,7.944764137268066
2.66,4.27,46.3,47.4,2015-12,7.5858259201049805
2.77,4.34,48.78,47.24,2016-01,7.1923370361328125
2.83,4.35,49.88,46.7,2016-02,7.526350975036621
2.9,4.3,50.07,46.58,2016-03,9.25339412689209
3.1,4.35,51.21,46.24,2016-04,9.750251770019531
3.24,4.37,51.12,46.13,2016-05,8.621055603027344
3.06,4.1,50.93,45.96,2016-06,8.996661186218262
3.09,4.15,51.6,45.7,2016-07,10.037873268127441
3.23,4.17,52.1,45.54,2016-08,10.774177551269531
3.25,4.23,52.43,45.22,2016-09,10.679472923278809
3.58,4.23,53.06,44.98,2016-10,12.705273628234863
3.56,4.15,52.95,44.95,2016-11,11.723876953125
3.5,4.0,50.99,44.84,2016-12,11.3762788772583
3.53,4.04,52.0,44.67,2017-01,12.521143913269043
3.57,4.06,52.2,44.54,2017-02,13.723934173583984
3.76,4.06,51.23,44.54,2017-03,12.998560905456543
3.89,4.09,48.3,44.32,2017-04,13.470331192016602
4.06,4.16,45.82,44.41,2017-05,12.20207691192627
3.68,3.91,45.48,44.42,2017-06,12.619277954101562
3.47,4.01,46.52,44.47,2017-07,12.820229530334473
3.52,3.99,45.59,44.48,2017-08,14.006531715393066
3.36,3.93,42.93,44.32,2017-09,15.053511619567871
3.42,3.93,43.24,44.39,2017-10,14.60713005065918
3.34,3.83,42.58,44.52,2017-11,14.34129524230957
2.97,3.58,40.01,44.35,2017-12,14.85413646697998
3.13,3.78,40.73,44.44,2018-01,18.23746109008789
3.17,3.76,41.71,44.36,2018-02,18.368669509887695
2.94,3.7,40.99,44.34,2018-03,18.713319778442383
3.03,3.68,40.63,44.49,2018-04,18.60936164855957
3.04,3.64,38.76,44.71,2018-05,15.684475898742676
2.61,3.52,38.06,44.78,2018-06,14.726213455200195
2.51,3.56,37.66,44.82,2018-07,16.433469772338867
2.56,3.55,37.49,45.08,2018-08,15.71560001373291
2.66,3.47,37.47,45.1,2018-09,16.41295623779297
2.72,3.43,37.64,45.4,2018-10,18.32341766357422
2.61,3.35,37.52,45.85,2018-11,20.107942581176758
2.47,3.3,35.18,46.06,2018-12,19.83199119567871
2.53,3.39,37.15,46.3,2019-01,21.67351531982422
2.46,3.35,37.93,46.43,2019-02,20.67792510986328
2.55,3.41,38.31,46.56,2019-03,20.216983795166016
2.63,3.41,38.29,46.79,2019-04,19.873321533203125
2.63,3.46,37.86,47.14,2019-05,20.569761276245117
2.45,3.4,37.58,47.36,2019-06,21.319400787353516
2.57,3.49,37.37,47.59,2019-07,20.481218338012695
2.51,3.53,37.16,47.88,2019-08,20.431570053100586
2.45,3.6,35.98,48.07,2019-09,21.097049713134766
2.41,3.58,35.18,48.41,2019-10,21.829111099243164
2.33,3.59,35.49,48.73,2019-11,20.9761962890625
2.21,3.56,33.27,48.82,2019-12,22.395824432373047
2.26,3.63,33.71,48.91,2020-01,19.82018280029297
2.23,3.72,34.1,49.05,2020-02,19.92373275756836
2.22,4.0,33.24,49.4,2020-03,14.382957458496094
2.35,4.13,30.94,49.18,2020-04,14.19284725189209
2.36,4.04,29.47,49.21,2020-05,14.370615005493164
2.02,3.67,27.43,49.38,2020-06,15.884121894836426
1.92,3.52,26.83,50.18,2020-07,16.792768478393555
1.87,3.35,26.16,51.11,2020-08,14.74747371673584
1.58,3.19,25.4,52.22,2020-09,14.098919868469238
1.51,3.11,26.1,53.39,2020-10,14.722817420959473
1.33,3.02,25.77,54.99,2020-11,17.919618606567383
1.24,2.89,25.01,56.45,2020-12,19.896621704101562
1.25,2.93,27.91,57.07,2021-01,17.86613655090332
1.4,2.97,27.67,57.54,2021-02,16.20738983154297
1.25,2.92,27.95,57.99,2021-03,17.785486221313477
1.33,2.95,28.66,58.27,2021-04,17.551679611206055
1.57,3.01,27.99,59.26,2021-05,18.874774932861328
1.54,2.91,27.93,59.55,2021-06,19.05057144165039
1.58,2.94,28.37,59.17,2021-07,19.379962921142578
1.56,2.96,29.23,59.9,2021-08,19.86612892150879
